2.43902e-12 2.42904e-12 2.40789e-12 2.37305e-12 2.32044e-12 2.24394e-12 2.13441e-12  1.9779e-12 1.75115e-12 1.40964e-12 8.48166e-13 5.49877e-13 3.69586e-13 2.52166e-13 1.72083e-13 1.15667e-13 7.47718e-14 4.41264e-14 2.00883e-14           0
 1.9802e-12 1.97036e-12 1.94958e-12 1.91555e-12 1.86456e-12 1.79121e-12 1.68791e-12 1.54416e-12 1.34601e-12 1.07828e-12 7.45884e-13 5.09876e-13  3.5081e-13 2.42211e-13 1.66404e-13 1.12308e-13 7.27871e-14 4.30233e-14 1.96031e-14           0
1.60377e-12 1.59431e-12 1.57444e-12 1.54218e-12 1.49447e-12 1.42708e-12 1.33451e-12 1.21037e-12 1.04868e-12 8.48828e-13 6.29344e-13 4.51195e-13 3.19539e-13 2.24537e-13 1.55975e-13 1.06023e-13 6.90328e-14 4.09233e-14 1.86761e-14           0
1.29566e-12 1.28682e-12 1.26834e-12 1.23868e-12  1.1955e-12 1.13575e-12 1.05595e-12 9.52824e-13 8.24988e-13 6.76406e-13 5.21877e-13 3.87976e-13 2.82252e-13 2.02091e-13 1.42206e-13 9.75221e-14 6.38787e-14 3.80138e-14 1.73856e-14           0
1.04384e-12 1.03578e-12 1.01907e-12 9.92546e-13 9.54551e-13 9.03085e-13 8.36163e-13 7.52502e-13 6.52781e-13 5.41501e-13 4.28608e-13 3.27334e-13 2.43611e-13 1.77516e-13 1.26553e-13 8.76105e-14 5.77679e-14 3.45279e-14 1.58304e-14           0
8.38193e-13 8.31033e-13 8.16288e-13 7.93145e-13 7.60504e-13 7.17158e-13 6.62133e-13 5.95237e-13 5.17848e-13 4.33775e-13 3.49486e-13 2.72324e-13 2.06463e-13 1.52791e-13 1.10263e-13 7.70433e-14 5.11429e-14 3.07073e-14 1.41155e-14           0
6.70417e-13 6.64197e-13 6.51468e-13 6.31698e-13 6.04208e-13 5.68343e-13 5.23749e-13 4.70749e-13 4.10801e-13 3.46833e-13 2.83079e-13 2.23959e-13 1.72342e-13  1.2923e-13 9.42834e-14 6.64477e-14 4.43948e-14 2.67746e-14 1.23396e-14           0
5.33707e-13 5.28411e-13 5.17636e-13 5.01056e-13  4.7829e-13 4.49042e-13 4.13299e-13 3.71586e-13 3.25195e-13 2.76298e-13  2.2772e-13 1.82275e-13 1.41946e-13 1.07615e-13 7.92621e-14 5.62956e-14 3.78366e-14 2.29151e-14 1.05869e-14           0
4.22529e-13 4.18101e-13 4.09138e-13 3.95459e-13 3.76879e-13 3.53317e-13 3.24934e-13 2.92285e-13 2.56438e-13 2.18981e-13 1.81837e-13 1.46873e-13  1.1547e-13 8.83425e-14 6.55971e-14 4.69083e-14 3.16965e-14   1.927e-14 8.92304e-15           0
3.32378e-13 3.28737e-13 3.21398e-13 3.10277e-13  2.9531e-13 2.76537e-13 2.54188e-13 2.28774e-13 2.01142e-13 1.72452e-13 1.44036e-13 1.17169e-13 9.28216e-14 7.15481e-14 5.34917e-14 3.84774e-14 2.61224e-14 1.59355e-14  7.3941e-15           0
 2.5957e-13 2.56622e-13 2.50701e-13 2.41782e-13 2.29873e-13  2.1507e-13 1.97616e-13  1.7795e-13  1.5673e-13 1.34803e-13 1.13106e-13 9.25231e-14 7.37467e-14 5.71945e-14 4.30063e-14 3.10909e-14 2.11943e-14 1.29681e-14 6.02807e-15           0
2.01078e-13 1.98725e-13 1.94014e-13 1.86954e-13 1.77588e-13 1.66034e-13 1.52517e-13 1.37399e-13 1.21186e-13 1.04494e-13 8.79905e-14 7.22977e-14 5.79094e-14 4.51376e-14 3.41029e-14 2.47595e-14 1.69377e-14 1.03906e-14 4.83757e-15           0
1.54391e-13 1.52538e-13 1.48841e-13 1.43322e-13 1.36041e-13 1.27115e-13 1.16739e-13 1.05205e-13 9.28936e-14 8.02579e-14 6.77736e-14 5.58826e-14 4.49385e-14 3.51713e-14 2.66786e-14 1.94389e-14 1.33378e-14 8.20052e-15 3.82313e-15           0
 1.1741e-13 1.15972e-13 1.13107e-13 1.08847e-13 1.03252e-13 9.64287e-14 8.85392e-14 7.98114e-14 7.05329e-14 6.10338e-14  5.1655e-14 4.27115e-14 3.44564e-14 2.70579e-14 2.05919e-14  1.5049e-14  1.0352e-14  6.3769e-15  2.9764e-15           0
 8.8373e-14 8.72712e-14 8.50809e-14 8.18334e-14 7.75847e-14 7.24251e-14 6.64859e-14 5.99423e-14 5.30087e-14 4.59253e-14 3.89367e-14 3.22672e-14 2.60977e-14   2.055e-14 1.56817e-14 1.14894e-14 7.92027e-15 4.88685e-15 2.28318e-15           0
6.57923e-14 6.49595e-14 6.33068e-14 6.08625e-14 5.76748e-14 5.38178e-14 4.93942e-14 4.45371e-14 3.94048e-14 3.41712e-14 2.90114e-14 2.40848e-14 1.95201e-14 1.54051e-14 1.17819e-14 8.65027e-15 5.97381e-15 3.69091e-15 1.72586e-15           0
4.84123e-14 4.77915e-14 4.65611e-14 4.47452e-14 4.23836e-14 3.95346e-14 3.62774e-14 3.27113e-14 2.89519e-14 2.51246e-14  2.1354e-14 1.77528e-14 1.44122e-14 1.13946e-14 8.73082e-15 6.42129e-15 4.44116e-15 2.74711e-15 1.28544e-15           0
3.51759e-14 3.47197e-14 3.38166e-14  3.2486e-14 3.07596e-14 2.86823e-14 2.63135e-14 2.37264e-14 2.10047e-14 1.82377e-14 1.55137e-14 1.29119e-14 1.04963e-14 8.31086e-15  6.3776e-15 4.69731e-15 3.25286e-15 2.01401e-15 9.42953e-16           0
 2.5197e-14  2.4867e-14 2.42142e-14  2.3254e-14 2.20106e-14 2.05176e-14  1.8819e-14 1.69677e-14 1.50236e-14 1.30497e-14 1.11077e-14  9.2529e-15 7.52987e-15 5.96921e-15 4.58632e-15 3.38196e-15 2.34441e-15 1.45269e-15 6.80471e-16           0
 1.7737e-14 1.75026e-14 1.70395e-14 1.63592e-14 1.54795e-14 1.44254e-14 1.32282e-14 1.19258e-14 1.05602e-14 9.17525e-15  7.8136e-15 6.51329e-15 5.30488e-15 4.20937e-15  3.2374e-15 2.38955e-15 1.65785e-15 1.02793e-15 4.81695e-16           0
1.21831e-14 1.20209e-14 1.17006e-14 1.12306e-14 1.06238e-14 9.89761e-15 9.07431e-15 8.17997e-15 7.24343e-15  6.2946e-15 5.36231e-15 4.47221e-15 3.64483e-15 2.89427e-15  2.2277e-15 1.64553e-15 1.14242e-15 7.08705e-16 3.32205e-16           0
8.02712e-15 7.91959e-15 7.70736e-15 7.39618e-15 6.99482e-15 6.51517e-15 5.97205e-15 5.38279e-15 4.76641e-15 4.14246e-15 3.52975e-15  2.9449e-15  2.4012e-15 1.90778e-15 1.46926e-15 1.08592e-15 7.54282e-16 4.68103e-16 2.19473e-16           0
4.84496e-15 4.77974e-15 4.65106e-15 4.46251e-15 4.21952e-15 3.92941e-15 3.60123e-15 3.24551e-15 2.87372e-15 2.49764e-15  2.1285e-15 1.77622e-15 1.44874e-15 1.15146e-15 8.87139e-16  6.5593e-16 4.55768e-16 2.82921e-16 1.32669e-16           0
 2.2755e-15 2.24477e-15 2.18415e-15 2.09535e-15 1.98099e-15 1.84452e-15 1.69025e-15 1.52314e-15 1.34858e-15 1.17208e-15 9.98899e-16 8.33667e-16 6.80067e-16 5.40624e-16 4.16611e-16 3.08098e-16 2.14119e-16 1.32934e-16 6.23407e-17           0
          0           0           0           0           0           0           0           0           0           0           0           0           0           0           0           0           0           0           0           0