 6.92286e-08  6.92301e-08  6.92336e-08  6.92402e-08  6.92516e-08  6.92704e-08  6.93006e-08  6.93485e-08  6.94243e-08   6.9546e-08
 2.82897e-07  2.82903e-07  2.82918e-07  2.82944e-07  2.82991e-07  2.83068e-07  2.83191e-07  2.83387e-07  2.83697e-07  2.84194e-07
 4.84988e-07  4.84999e-07  4.85023e-07  4.85069e-07  4.85149e-07  4.85281e-07  4.85493e-07   4.8583e-07  4.86362e-07  4.87218e-07
 6.75468e-07  6.75483e-07  6.75517e-07  6.75581e-07  6.75692e-07  6.75876e-07  6.76173e-07  6.76643e-07  6.77387e-07  6.78585e-07
 8.54284e-07  8.54303e-07  8.54346e-07  8.54427e-07  8.54567e-07    8.548e-07  8.55177e-07  8.55773e-07  8.56719e-07   8.5824e-07
 1.02136e-06  1.02139e-06  1.02144e-06  1.02153e-06   1.0217e-06  1.02198e-06  1.02243e-06  1.02315e-06  1.02428e-06  1.02611e-06
 1.17661e-06  1.17664e-06   1.1767e-06  1.17681e-06    1.177e-06  1.17732e-06  1.17784e-06  1.17867e-06  1.17999e-06   1.1821e-06
 1.31991e-06  1.31994e-06     1.32e-06  1.32013e-06  1.32035e-06  1.32071e-06   1.3213e-06  1.32223e-06  1.32371e-06   1.3261e-06
 1.45112e-06  1.45115e-06  1.45122e-06  1.45136e-06   1.4516e-06    1.452e-06  1.45265e-06  1.45368e-06  1.45532e-06  1.45796e-06
 1.57008e-06  1.57011e-06  1.57019e-06  1.57033e-06  1.57059e-06  1.57103e-06  1.57173e-06  1.57285e-06  1.57464e-06  1.57751e-06
 1.67659e-06  1.67662e-06  1.67671e-06  1.67686e-06  1.67714e-06   1.6776e-06  1.67836e-06  1.67956e-06  1.68148e-06  1.68457e-06
 1.77044e-06  1.77048e-06  1.77056e-06  1.77072e-06  1.77102e-06  1.77151e-06  1.77231e-06  1.77359e-06  1.77563e-06  1.77891e-06
 1.85138e-06  1.85142e-06  1.85151e-06  1.85168e-06  1.85198e-06   1.8525e-06  1.85334e-06  1.85469e-06  1.85684e-06   1.8603e-06
 1.91915e-06  1.91919e-06  1.91928e-06  1.91946e-06  1.91977e-06  1.92031e-06  1.92119e-06  1.92259e-06  1.92484e-06  1.92846e-06
 1.97345e-06  1.97349e-06  1.97358e-06  1.97376e-06  1.97408e-06  1.97464e-06  1.97554e-06    1.977e-06  1.97933e-06  1.98309e-06
 2.01395e-06  2.01399e-06  2.01408e-06  2.01426e-06  2.01459e-06  2.01516e-06  2.01609e-06  2.01759e-06  2.01999e-06  2.02386e-06
 2.04029e-06  2.04033e-06  2.04042e-06   2.0406e-06  2.04094e-06  2.04151e-06  2.04246e-06  2.04399e-06  2.04645e-06  2.05042e-06
  2.0521e-06  2.05213e-06  2.05223e-06  2.05241e-06  2.05274e-06  2.05332e-06  2.05428e-06  2.05584e-06  2.05834e-06  2.06239e-06
 2.04896e-06  2.04899e-06  2.04908e-06  2.04926e-06  2.04959e-06  2.05017e-06  2.05114e-06  2.05271e-06  2.05524e-06  2.05934e-06
 2.03042e-06  2.03046e-06  2.03054e-06  2.03072e-06  2.03104e-06  2.03162e-06  2.03259e-06  2.03417e-06  2.03671e-06  2.04084e-06
 1.99603e-06  1.99606e-06  1.99614e-06  1.99631e-06  1.99663e-06   1.9972e-06  1.99816e-06  1.99974e-06  2.00228e-06  2.00642e-06
 1.94528e-06  1.94531e-06  1.94539e-06  1.94555e-06  1.94586e-06  1.94641e-06  1.94736e-06  1.94892e-06  1.95145e-06  1.95557e-06
 1.87766e-06  1.87768e-06  1.87775e-06   1.8779e-06  1.87819e-06  1.87873e-06  1.87966e-06   1.8812e-06   1.8837e-06  1.88776e-06
 1.79259e-06  1.79261e-06  1.79267e-06  1.79281e-06  1.79309e-06  1.79361e-06  1.79451e-06  1.79601e-06  1.79846e-06  1.80246e-06
 1.68951e-06  1.68953e-06  1.68958e-06   1.6897e-06  1.68996e-06  1.69046e-06  1.69132e-06  1.69277e-06  1.69515e-06  1.69905e-06
 1.56781e-06  1.56782e-06  1.56786e-06  1.56797e-06  1.56821e-06  1.56867e-06  1.56949e-06  1.57088e-06  1.57318e-06  1.57695e-06
 1.42686e-06  1.42686e-06  1.42689e-06  1.42698e-06  1.42719e-06  1.42761e-06  1.42838e-06  1.42969e-06   1.4319e-06  1.43552e-06
 1.26599e-06  1.26599e-06    1.266e-06  1.26607e-06  1.26625e-06  1.26663e-06  1.26733e-06  1.26857e-06  1.27064e-06  1.27408e-06
 1.08453e-06  1.08452e-06  1.08452e-06  1.08456e-06  1.08471e-06  1.08504e-06  1.08567e-06  1.08681e-06  1.08874e-06  1.09196e-06
  8.8177e-07  8.81754e-07  8.81738e-07  8.81755e-07  8.81859e-07   8.8213e-07  8.82688e-07   8.8371e-07  8.85484e-07  8.88456e-07
 6.56987e-07  6.56962e-07  6.56928e-07  6.56916e-07  6.56977e-07  6.57186e-07  6.57655e-07   6.5855e-07   6.6014e-07   6.6283e-07
 4.09434e-07    4.094e-07  4.09347e-07  4.09303e-07  4.09315e-07  4.09455e-07  4.09825e-07  4.10579e-07  4.11963e-07  4.14337e-07
 1.38348e-07  1.38304e-07   1.3823e-07  1.38151e-07  1.38111e-07  1.38174e-07  1.38435e-07  1.39032e-07  1.40186e-07  1.42208e-07
-1.57051e-07 -1.57106e-07 -1.57204e-07 -1.57321e-07 -1.57419e-07 -1.57439e-07 -1.57298e-07 -1.56874e-07 -1.55974e-07 -1.54341e-07
 -4.7756e-07 -4.77626e-07 -4.77749e-07 -4.77908e-07 -4.78067e-07 -4.78179e-07 -4.78169e-07 -4.77935e-07 -4.77314e-07 -4.76108e-07
-8.23984e-07 -8.24063e-07 -8.24213e-07 -8.24416e-07 -8.24644e-07 -8.24854e-07 -8.24987e-07  -8.2496e-07 -8.24644e-07 -8.23905e-07
-1.19714e-06 -1.19723e-06 -1.19741e-06 -1.19766e-06 -1.19796e-06 -1.19828e-06 -1.19857e-06 -1.19877e-06 -1.19878e-06 -1.19855e-06
-1.59786e-06 -1.59796e-06 -1.59817e-06 -1.59848e-06 -1.59886e-06 -1.59929e-06 -1.59974e-06 -1.60019e-06 -1.60056e-06 -1.60088e-06
-2.02696e-06 -2.02708e-06 -2.02732e-06 -2.02768e-06 -2.02815e-06  -2.0287e-06 -2.02934e-06 -2.03004e-06  -2.0308e-06 -2.03172e-06
-2.48528e-06 -2.48542e-06 -2.48569e-06 -2.48611e-06 -2.48667e-06 -2.48736e-06 -2.48819e-06 -2.48917e-06 -2.49035e-06  -2.4919e-06
-2.97364e-06  -2.9738e-06 -2.97411e-06 -2.97459e-06 -2.97524e-06 -2.97608e-06 -2.97712e-06  -2.9784e-06 -2.98003e-06 -2.98227e-06
-3.49287e-06 -3.49305e-06  -3.4934e-06 -3.49395e-06 -3.49471e-06 -3.49569e-06 -3.49695e-06 -3.49856e-06 -3.50066e-06 -3.50364e-06
-4.04378e-06 -4.04398e-06 -4.04438e-06   -4.045e-06 -4.04586e-06 -4.04701e-06 -4.04851e-06 -4.05046e-06 -4.05308e-06 -4.05683e-06
-4.62718e-06 -4.62739e-06 -4.62784e-06 -4.62854e-06 -4.62951e-06 -4.63083e-06 -4.63258e-06 -4.63491e-06 -4.63806e-06 -4.64266e-06
-5.24383e-06 -5.24407e-06 -5.24457e-06 -5.24534e-06 -5.24645e-06 -5.24795e-06 -5.24997e-06 -5.25268e-06 -5.25641e-06 -5.26189e-06
-5.89452e-06 -5.89478e-06 -5.89533e-06 -5.89619e-06 -5.89742e-06 -5.89912e-06 -5.90142e-06 -5.90454e-06 -5.90889e-06 -5.91531e-06
-6.57995e-06 -6.58024e-06 -6.58084e-06 -6.58179e-06 -6.58316e-06 -6.58507e-06 -6.58766e-06 -6.59123e-06 -6.59622e-06 -6.60364e-06
-7.30085e-06 -7.30116e-06 -7.30182e-06 -7.30286e-06 -7.30438e-06  -7.3065e-06 -7.30941e-06 -7.31344e-06 -7.31912e-06 -7.32758e-06
-8.05786e-06  -8.0582e-06 -8.05892e-06 -8.06006e-06 -8.06173e-06 -8.06408e-06 -8.06733e-06 -8.07184e-06 -8.07824e-06 -8.08781e-06
 -8.8516e-06 -8.85197e-06 -8.85275e-06   -8.854e-06 -8.85583e-06 -8.85842e-06 -8.86202e-06 -8.86704e-06  -8.8742e-06 -8.88494e-06
-9.68265e-06 -9.68305e-06 -9.68389e-06 -9.68525e-06 -9.68725e-06 -9.69009e-06 -9.69406e-06 -9.69962e-06 -9.70758e-06 -9.71954e-06
-1.05515e-05 -1.05519e-05 -1.05528e-05 -1.05543e-05 -1.05565e-05 -1.05596e-05  -1.0564e-05 -1.05701e-05 -1.05789e-05 -1.05921e-05
-1.14586e-05 -1.14591e-05 -1.14601e-05 -1.14617e-05  -1.1464e-05 -1.14674e-05 -1.14722e-05 -1.14789e-05 -1.14886e-05 -1.15031e-05
-1.24043e-05 -1.24049e-05 -1.24059e-05 -1.24076e-05 -1.24102e-05 -1.24139e-05  -1.2419e-05 -1.24264e-05  -1.2437e-05  -1.2453e-05
 -1.3389e-05 -1.33896e-05 -1.33907e-05 -1.33925e-05 -1.33953e-05 -1.33993e-05 -1.34049e-05 -1.34129e-05 -1.34244e-05 -1.34419e-05
-1.44128e-05 -1.44134e-05 -1.44146e-05 -1.44166e-05 -1.44196e-05 -1.44239e-05 -1.44299e-05 -1.44386e-05 -1.44512e-05 -1.44701e-05
-1.54759e-05 -1.54765e-05 -1.54778e-05 -1.54799e-05 -1.54831e-05 -1.54877e-05 -1.54943e-05 -1.55037e-05 -1.55172e-05 -1.55378e-05
-1.65782e-05 -1.65788e-05 -1.65802e-05 -1.65825e-05 -1.65859e-05 -1.65909e-05  -1.6598e-05  -1.6608e-05 -1.66227e-05 -1.66449e-05
-1.77196e-05 -1.77203e-05 -1.77218e-05 -1.77243e-05 -1.77279e-05 -1.77332e-05 -1.77408e-05 -1.77517e-05 -1.77675e-05 -1.77914e-05
-1.89001e-05 -1.89008e-05 -1.89024e-05  -1.8905e-05 -1.89089e-05 -1.89146e-05 -1.89227e-05 -1.89343e-05 -1.89513e-05  -1.8977e-05
-2.01191e-05 -2.01198e-05 -2.01215e-05 -2.01243e-05 -2.01285e-05 -2.01345e-05 -2.01432e-05 -2.01556e-05 -2.01738e-05 -2.02013e-05
-2.13762e-05  -2.1377e-05 -2.13788e-05 -2.13817e-05 -2.13861e-05 -2.13926e-05 -2.14018e-05 -2.14151e-05 -2.14345e-05  -2.1464e-05
-2.26707e-05 -2.26716e-05 -2.26735e-05 -2.26766e-05 -2.26813e-05 -2.26882e-05  -2.2698e-05 -2.27122e-05 -2.27328e-05 -2.27642e-05
-2.40019e-05 -2.40029e-05 -2.40049e-05 -2.40082e-05 -2.40132e-05 -2.40204e-05 -2.40309e-05 -2.40459e-05 -2.40679e-05 -2.41013e-05
-2.53689e-05 -2.53699e-05  -2.5372e-05 -2.53754e-05 -2.53807e-05 -2.53884e-05 -2.53995e-05 -2.54155e-05 -2.54388e-05 -2.54743e-05
-2.67703e-05 -2.67714e-05 -2.67736e-05 -2.67773e-05 -2.67829e-05  -2.6791e-05 -2.68027e-05 -2.68196e-05 -2.68443e-05 -2.68819e-05
 -2.8205e-05 -2.82061e-05 -2.82085e-05 -2.82124e-05 -2.82182e-05 -2.82268e-05 -2.82392e-05 -2.82571e-05 -2.82832e-05  -2.8323e-05
-2.96714e-05 -2.96726e-05 -2.96751e-05 -2.96791e-05 -2.96853e-05 -2.96944e-05 -2.97074e-05 -2.97263e-05 -2.97539e-05 -2.97959e-05
-3.11678e-05  -3.1169e-05 -3.11716e-05 -3.11759e-05 -3.11824e-05 -3.11919e-05 -3.12056e-05 -3.12255e-05 -3.12546e-05 -3.12989e-05
-3.26921e-05 -3.26934e-05 -3.26961e-05 -3.27006e-05 -3.27074e-05 -3.27174e-05 -3.27319e-05 -3.27528e-05 -3.27834e-05   -3.283e-05
-3.42423e-05 -3.42436e-05 -3.42464e-05 -3.42511e-05 -3.42583e-05 -3.42688e-05  -3.4284e-05 -3.43059e-05 -3.43381e-05  -3.4387e-05
-3.58158e-05 -3.58172e-05 -3.58202e-05 -3.58251e-05 -3.58326e-05 -3.58436e-05 -3.58595e-05 -3.58825e-05 -3.59162e-05 -3.59675e-05
-3.74101e-05 -3.74116e-05 -3.74147e-05 -3.74198e-05 -3.74276e-05 -3.74391e-05 -3.74558e-05 -3.74799e-05 -3.75151e-05 -3.75689e-05
-3.90222e-05 -3.90237e-05  -3.9027e-05 -3.90323e-05 -3.90405e-05 -3.90525e-05 -3.90699e-05 -3.90951e-05  -3.9132e-05 -3.91881e-05
 -4.0649e-05 -4.06505e-05 -4.06539e-05 -4.06595e-05  -4.0668e-05 -4.06806e-05 -4.06987e-05 -4.07249e-05 -4.07634e-05 -4.08221e-05
-4.22869e-05 -4.22886e-05 -4.22921e-05 -4.22979e-05 -4.23068e-05 -4.23198e-05 -4.23387e-05  -4.2366e-05 -4.24062e-05 -4.24673e-05
-4.39323e-05  -4.3934e-05 -4.39377e-05 -4.39437e-05  -4.3953e-05 -4.39665e-05 -4.39862e-05 -4.40146e-05 -4.40564e-05 -4.41199e-05
-4.55812e-05  -4.5583e-05 -4.55868e-05 -4.55931e-05 -4.56027e-05 -4.56167e-05 -4.56372e-05 -4.56667e-05 -4.57101e-05 -4.57761e-05
-4.72294e-05 -4.72312e-05 -4.72351e-05 -4.72416e-05 -4.72515e-05 -4.72662e-05 -4.72873e-05  -4.7318e-05  -4.7363e-05 -4.74315e-05
-4.88721e-05  -4.8874e-05 -4.88781e-05 -4.88848e-05 -4.88951e-05 -4.89102e-05 -4.89321e-05 -4.89639e-05 -4.90105e-05 -4.90815e-05
-5.05046e-05 -5.05066e-05 -5.05108e-05 -5.05178e-05 -5.05284e-05  -5.0544e-05 -5.05667e-05 -5.05996e-05 -5.06478e-05 -5.07212e-05
-5.21218e-05 -5.21238e-05 -5.21281e-05 -5.21353e-05 -5.21463e-05 -5.21625e-05 -5.21859e-05 -5.22198e-05 -5.22696e-05 -5.23454e-05
-5.37181e-05 -5.37202e-05 -5.37247e-05 -5.37321e-05 -5.37434e-05 -5.37601e-05 -5.37842e-05 -5.38192e-05 -5.38705e-05 -5.39487e-05
 -5.5288e-05 -5.52901e-05 -5.52947e-05 -5.53023e-05 -5.53139e-05 -5.53311e-05  -5.5356e-05  -5.5392e-05 -5.54448e-05 -5.55253e-05
-5.68252e-05 -5.68274e-05 -5.68321e-05   -5.684e-05 -5.68519e-05 -5.68695e-05 -5.68951e-05 -5.69321e-05 -5.69865e-05 -5.70692e-05
-5.83236e-05 -5.83259e-05 -5.83307e-05 -5.83387e-05  -5.8351e-05 -5.83691e-05 -5.83954e-05 -5.84334e-05 -5.84892e-05 -5.85741e-05
-5.97766e-05 -5.97789e-05 -5.97838e-05 -5.97921e-05 -5.98047e-05 -5.98232e-05 -5.98501e-05 -5.98891e-05 -5.99463e-05 -6.00333e-05
-6.11773e-05 -6.11796e-05 -6.11847e-05 -6.11931e-05  -6.1206e-05  -6.1225e-05 -6.12525e-05 -6.12924e-05 -6.13509e-05   -6.144e-05
-6.25186e-05  -6.2521e-05 -6.25262e-05 -6.25348e-05  -6.2548e-05 -6.25673e-05 -6.25955e-05 -6.26362e-05  -6.2696e-05  -6.2787e-05
-6.37932e-05 -6.37957e-05 -6.38009e-05 -6.38097e-05 -6.38231e-05 -6.38429e-05 -6.38716e-05 -6.39132e-05 -6.39742e-05  -6.4067e-05
-6.49934e-05  -6.4996e-05 -6.50013e-05 -6.50103e-05  -6.5024e-05 -6.50441e-05 -6.50733e-05 -6.51156e-05 -6.51778e-05 -6.52724e-05
-6.61116e-05 -6.61142e-05 -6.61196e-05 -6.61287e-05 -6.61426e-05 -6.61631e-05 -6.61928e-05 -6.62358e-05  -6.6299e-05 -6.63952e-05
-6.71396e-05 -6.71422e-05 -6.71478e-05  -6.7157e-05 -6.71711e-05 -6.71919e-05  -6.7222e-05 -6.72657e-05 -6.73299e-05 -6.74275e-05
-6.80693e-05 -6.80719e-05 -6.80775e-05 -6.80869e-05 -6.81012e-05 -6.81222e-05 -6.81528e-05 -6.81971e-05 -6.82621e-05  -6.8361e-05
-6.88922e-05 -6.88949e-05 -6.89006e-05   -6.891e-05 -6.89245e-05 -6.89458e-05 -6.89767e-05 -6.90215e-05 -6.90872e-05 -6.91873e-05
-6.95999e-05 -6.96026e-05 -6.96083e-05 -6.96179e-05 -6.96325e-05  -6.9654e-05 -6.96852e-05 -6.97304e-05 -6.97968e-05 -6.98978e-05
-7.01837e-05 -7.01864e-05 -7.01922e-05 -7.02018e-05 -7.02165e-05 -7.02382e-05 -7.02697e-05 -7.03153e-05 -7.03822e-05  -7.0484e-05
-7.06348e-05 -7.06376e-05 -7.06434e-05 -7.06531e-05 -7.06679e-05 -7.06897e-05 -7.07214e-05 -7.07672e-05 -7.08345e-05 -7.09369e-05
-7.09445e-05 -7.09473e-05 -7.09531e-05 -7.09628e-05 -7.09777e-05 -7.09996e-05 -7.10314e-05 -7.10774e-05  -7.1145e-05 -7.12478e-05
-7.11038e-05 -7.11066e-05 -7.11124e-05 -7.11222e-05 -7.11371e-05  -7.1159e-05 -7.11909e-05  -7.1237e-05 -7.13047e-05 -7.14078e-05