2.50183e-10 2.50183e-10 2.50183e-10 2.50183e-10 2.50183e-10 2.50183e-10 2.50183e-10 2.50183e-10 2.50182e-10 2.50181e-10
2.51127e-10 2.51127e-10 2.51127e-10 2.51127e-10 2.51127e-10 2.51127e-10 2.51128e-10 2.51128e-10 2.51128e-10 2.51128e-10
2.52063e-10 2.52063e-10 2.52064e-10 2.52064e-10 2.52064e-10 2.52064e-10 2.52065e-10 2.52066e-10 2.52067e-10 2.52069e-10
2.52996e-10 2.52996e-10 2.52996e-10 2.52996e-10 2.52997e-10 2.52997e-10 2.52998e-10    2.53e-10 2.53002e-10 2.53005e-10
2.53926e-10 2.53926e-10 2.53927e-10 2.53927e-10 2.53928e-10 2.53929e-10  2.5393e-10 2.53932e-10 2.53935e-10 2.53939e-10
2.54858e-10 2.54858e-10 2.54859e-10 2.54859e-10  2.5486e-10 2.54861e-10 2.54863e-10 2.54866e-10 2.54869e-10 2.54875e-10
2.55794e-10 2.55794e-10 2.55794e-10 2.55795e-10 2.55796e-10 2.55798e-10   2.558e-10 2.55803e-10 2.55808e-10 2.55815e-10
2.56735e-10 2.56736e-10 2.56736e-10 2.56737e-10 2.56738e-10  2.5674e-10 2.56742e-10 2.56746e-10 2.56752e-10  2.5676e-10
2.57685e-10 2.57686e-10 2.57686e-10 2.57687e-10 2.57688e-10 2.57691e-10 2.57694e-10 2.57698e-10 2.57704e-10 2.57714e-10
2.58646e-10 2.58646e-10 2.58647e-10 2.58648e-10 2.58649e-10 2.58651e-10 2.58655e-10  2.5866e-10 2.58667e-10 2.58678e-10
2.59618e-10 2.59619e-10 2.59619e-10  2.5962e-10 2.59622e-10 2.59625e-10 2.59629e-10 2.59634e-10 2.59642e-10 2.59655e-10
2.60605e-10 2.60605e-10 2.60606e-10 2.60607e-10 2.60609e-10 2.60612e-10 2.60616e-10 2.60623e-10 2.60632e-10 2.60646e-10
2.61607e-10 2.61608e-10 2.61608e-10  2.6161e-10 2.61612e-10 2.61615e-10  2.6162e-10 2.61627e-10 2.61637e-10 2.61653e-10
2.62627e-10 2.62627e-10 2.62628e-10  2.6263e-10 2.62632e-10 2.62635e-10 2.62641e-10 2.62648e-10 2.62659e-10 2.62676e-10
2.63665e-10 2.63666e-10 2.63667e-10 2.63668e-10 2.63671e-10 2.63675e-10  2.6368e-10 2.63688e-10 2.63701e-10 2.63719e-10
2.64723e-10 2.64724e-10 2.64725e-10 2.64727e-10 2.64729e-10 2.64733e-10  2.6474e-10 2.64748e-10 2.64762e-10 2.64782e-10
2.65802e-10 2.65803e-10 2.65804e-10 2.65806e-10 2.65809e-10 2.65813e-10  2.6582e-10  2.6583e-10 2.65844e-10 2.65866e-10
2.66903e-10 2.66904e-10 2.66905e-10 2.66907e-10  2.6691e-10 2.66915e-10 2.66922e-10 2.66933e-10 2.66948e-10 2.66971e-10
2.68027e-10 2.68028e-10 2.68029e-10 2.68031e-10 2.68035e-10  2.6804e-10 2.68047e-10 2.68058e-10 2.68075e-10   2.681e-10
2.69174e-10 2.69175e-10 2.69176e-10 2.69178e-10 2.69182e-10 2.69187e-10 2.69196e-10 2.69207e-10 2.69225e-10 2.69252e-10
2.70345e-10 2.70345e-10 2.70347e-10 2.70349e-10 2.70353e-10 2.70359e-10 2.70368e-10  2.7038e-10 2.70399e-10 2.70428e-10
 2.7154e-10  2.7154e-10 2.71542e-10 2.71544e-10 2.71549e-10 2.71555e-10 2.71564e-10 2.71577e-10 2.71597e-10 2.71628e-10
2.72759e-10 2.72759e-10 2.72761e-10 2.72764e-10 2.72768e-10 2.72775e-10 2.72784e-10 2.72799e-10  2.7282e-10 2.72852e-10
2.74002e-10 2.74002e-10 2.74004e-10 2.74007e-10 2.74012e-10 2.74019e-10 2.74029e-10 2.74044e-10 2.74067e-10 2.74101e-10
2.75268e-10 2.75269e-10 2.75271e-10 2.75274e-10 2.75279e-10 2.75287e-10 2.75297e-10 2.75313e-10 2.75337e-10 2.75374e-10
2.76559e-10  2.7656e-10 2.76562e-10 2.76565e-10  2.7657e-10 2.76578e-10 2.76589e-10 2.76606e-10 2.76631e-10  2.7667e-10
2.77872e-10 2.77873e-10 2.77875e-10 2.77878e-10 2.77884e-10 2.77892e-10 2.77904e-10 2.77922e-10 2.77948e-10 2.77988e-10
2.79206e-10 2.79207e-10 2.79209e-10 2.79213e-10 2.79219e-10 2.79227e-10  2.7924e-10 2.79259e-10 2.79287e-10 2.79329e-10
2.80561e-10 2.80562e-10 2.80565e-10 2.80569e-10 2.80575e-10 2.80584e-10 2.80597e-10 2.80617e-10 2.80646e-10 2.80691e-10
2.81936e-10 2.81937e-10 2.81939e-10 2.81943e-10  2.8195e-10 2.81959e-10 2.81973e-10 2.81994e-10 2.82024e-10 2.82071e-10
2.83328e-10 2.83329e-10 2.83331e-10 2.83335e-10 2.83342e-10 2.83352e-10 2.83367e-10 2.83388e-10  2.8342e-10 2.83469e-10
2.84735e-10 2.84736e-10 2.84739e-10 2.84743e-10  2.8475e-10  2.8476e-10 2.84776e-10 2.84798e-10 2.84832e-10 2.84883e-10
2.86156e-10 2.86157e-10  2.8616e-10 2.86164e-10 2.86171e-10 2.86182e-10 2.86198e-10 2.86222e-10 2.86257e-10 2.86311e-10
2.87587e-10 2.87588e-10 2.87591e-10 2.87596e-10 2.87604e-10 2.87615e-10 2.87632e-10 2.87656e-10 2.87693e-10 2.87749e-10
2.89026e-10 2.89028e-10 2.89031e-10 2.89036e-10 2.89044e-10 2.89055e-10 2.89073e-10 2.89098e-10 2.89137e-10 2.89195e-10
 2.9047e-10 2.90472e-10 2.90475e-10  2.9048e-10 2.90488e-10 2.90501e-10 2.90519e-10 2.90545e-10 2.90585e-10 2.90646e-10
2.91915e-10 2.91917e-10  2.9192e-10 2.91926e-10 2.91934e-10 2.91947e-10 2.91966e-10 2.91994e-10 2.92035e-10 2.92098e-10
2.93358e-10 2.93359e-10 2.93363e-10 2.93368e-10 2.93377e-10 2.93391e-10  2.9341e-10 2.93439e-10 2.93482e-10 2.93547e-10
2.94793e-10 2.94795e-10 2.94798e-10 2.94804e-10 2.94813e-10 2.94827e-10 2.94847e-10 2.94877e-10 2.94922e-10 2.94989e-10
2.96217e-10 2.96218e-10 2.96222e-10 2.96228e-10 2.96238e-10 2.96252e-10 2.96273e-10 2.96304e-10  2.9635e-10  2.9642e-10
2.97623e-10 2.97625e-10 2.97629e-10 2.97635e-10 2.97645e-10  2.9766e-10 2.97682e-10 2.97713e-10 2.97761e-10 2.97833e-10
2.99008e-10 2.99009e-10 2.99013e-10  2.9902e-10  2.9903e-10 2.99045e-10 2.99068e-10 2.99101e-10  2.9915e-10 2.99224e-10
3.00363e-10 3.00365e-10 3.00369e-10 3.00376e-10 3.00387e-10 3.00402e-10 3.00425e-10 3.00459e-10  3.0051e-10 3.00587e-10
3.01684e-10 3.01686e-10  3.0169e-10 3.01697e-10 3.01708e-10 3.01724e-10 3.01748e-10 3.01783e-10 3.01835e-10 3.01914e-10
3.02964e-10 3.02966e-10  3.0297e-10 3.02977e-10 3.02988e-10 3.03005e-10 3.03029e-10 3.03065e-10 3.03119e-10   3.032e-10
3.04194e-10 3.04196e-10   3.042e-10 3.04208e-10 3.04219e-10 3.04236e-10 3.04261e-10 3.04298e-10 3.04353e-10 3.04436e-10
3.05367e-10 3.05369e-10 3.05373e-10 3.05381e-10 3.05393e-10  3.0541e-10 3.05436e-10 3.05474e-10  3.0553e-10 3.05615e-10
3.06474e-10 3.06477e-10 3.06481e-10 3.06489e-10 3.06501e-10 3.06519e-10 3.06545e-10 3.06584e-10 3.06641e-10 3.06728e-10
3.07508e-10  3.0751e-10 3.07515e-10 3.07523e-10 3.07535e-10 3.07553e-10  3.0758e-10  3.0762e-10 3.07678e-10 3.07767e-10
3.08457e-10  3.0846e-10 3.08464e-10 3.08473e-10 3.08485e-10 3.08504e-10 3.08531e-10 3.08572e-10 3.08631e-10 3.08722e-10
3.09313e-10 3.09316e-10 3.09321e-10 3.09329e-10 3.09342e-10 3.09361e-10 3.09389e-10  3.0943e-10  3.0949e-10 3.09582e-10
3.10065e-10 3.10067e-10 3.10072e-10 3.10081e-10 3.10094e-10 3.10113e-10 3.10142e-10 3.10183e-10 3.10245e-10 3.10338e-10
3.10702e-10 3.10704e-10 3.10709e-10 3.10718e-10 3.10731e-10 3.10751e-10  3.1078e-10 3.10822e-10 3.10884e-10 3.10978e-10
3.11212e-10 3.11214e-10  3.1122e-10 3.11228e-10 3.11242e-10 3.11261e-10 3.11291e-10 3.11333e-10 3.11396e-10 3.11491e-10
3.11584e-10 3.11586e-10 3.11591e-10   3.116e-10 3.11613e-10 3.11634e-10 3.11663e-10 3.11706e-10 3.11769e-10 3.11864e-10
3.11804e-10 3.11807e-10 3.11812e-10 3.11821e-10 3.11834e-10 3.11854e-10 3.11884e-10 3.11927e-10  3.1199e-10 3.12086e-10
3.11861e-10 3.11863e-10 3.11869e-10 3.11877e-10 3.11891e-10 3.11911e-10 3.11941e-10 3.11984e-10 3.12048e-10 3.12144e-10
 3.1174e-10 3.11743e-10 3.11748e-10 3.11757e-10 3.11771e-10 3.11791e-10  3.1182e-10 3.11863e-10 3.11927e-10 3.12023e-10
3.11429e-10 3.11431e-10 3.11436e-10 3.11445e-10 3.11459e-10 3.11479e-10 3.11508e-10 3.11551e-10 3.11614e-10 3.11709e-10
3.10912e-10 3.10914e-10 3.10919e-10 3.10928e-10 3.10942e-10 3.10962e-10 3.10991e-10 3.11033e-10 3.11096e-10  3.1119e-10
3.10175e-10 3.10177e-10 3.10183e-10 3.10191e-10 3.10205e-10 3.10225e-10 3.10253e-10 3.10295e-10 3.10357e-10  3.1045e-10
3.09204e-10 3.09206e-10 3.09211e-10  3.0922e-10 3.09233e-10 3.09253e-10 3.09281e-10 3.09322e-10 3.09383e-10 3.09474e-10
3.07983e-10 3.07985e-10  3.0799e-10 3.07999e-10 3.08012e-10 3.08031e-10 3.08059e-10 3.08099e-10 3.08158e-10 3.08247e-10
3.06497e-10   3.065e-10 3.06505e-10 3.06513e-10 3.06525e-10 3.06544e-10 3.06571e-10  3.0661e-10 3.06668e-10 3.06754e-10
3.04732e-10 3.04734e-10 3.04739e-10 3.04747e-10 3.04759e-10 3.04777e-10 3.04803e-10 3.04841e-10 3.04896e-10 3.04979e-10
3.02671e-10 3.02673e-10 3.02677e-10 3.02685e-10 3.02697e-10 3.02714e-10 3.02739e-10 3.02776e-10 3.02829e-10 3.02908e-10
3.00299e-10 3.00301e-10 3.00305e-10 3.00313e-10 3.00324e-10  3.0034e-10 3.00364e-10 3.00399e-10 3.00449e-10 3.00524e-10
2.97601e-10 2.97603e-10 2.97607e-10 2.97614e-10 2.97625e-10  2.9764e-10 2.97663e-10 2.97695e-10 2.97743e-10 2.97813e-10
2.94563e-10 2.94565e-10 2.94569e-10 2.94575e-10 2.94585e-10   2.946e-10  2.9462e-10 2.94651e-10 2.94694e-10  2.9476e-10
2.91169e-10 2.91171e-10 2.91175e-10 2.91181e-10  2.9119e-10 2.91203e-10 2.91222e-10  2.9125e-10  2.9129e-10 2.91349e-10
2.87406e-10 2.87408e-10 2.87411e-10 2.87417e-10 2.87425e-10 2.87437e-10 2.87454e-10 2.87479e-10 2.87514e-10 2.87567e-10
2.83261e-10 2.83262e-10 2.83265e-10  2.8327e-10 2.83277e-10 2.83288e-10 2.83303e-10 2.83324e-10 2.83355e-10 2.83401e-10
 2.7872e-10 2.78721e-10 2.78723e-10 2.78727e-10 2.78734e-10 2.78743e-10 2.78755e-10 2.78773e-10 2.78799e-10 2.78837e-10
2.73771e-10 2.73772e-10 2.73774e-10 2.73777e-10 2.73782e-10  2.7379e-10   2.738e-10 2.73814e-10 2.73834e-10 2.73864e-10
2.68404e-10 2.68405e-10 2.68406e-10 2.68409e-10 2.68413e-10 2.68418e-10 2.68425e-10 2.68436e-10  2.6845e-10  2.6847e-10
2.62609e-10  2.6261e-10 2.62611e-10 2.62612e-10 2.62615e-10 2.62618e-10 2.62622e-10 2.62628e-10 2.62636e-10 2.62647e-10
2.56377e-10 2.56378e-10 2.56378e-10 2.56379e-10  2.5638e-10 2.56381e-10 2.56382e-10 2.56383e-10 2.56384e-10 2.56384e-10
2.49702e-10 2.49702e-10 2.49702e-10 2.49702e-10 2.49701e-10   2.497e-10 2.49697e-10 2.49694e-10 2.49688e-10 2.49677e-10
2.42578e-10 2.42577e-10 2.42577e-10 2.42575e-10 2.42573e-10 2.42569e-10 2.42563e-10 2.42554e-10  2.4254e-10 2.42518e-10
   2.35e-10    2.35e-10 2.34998e-10 2.34996e-10 2.34991e-10 2.34985e-10 2.34975e-10 2.34961e-10 2.34939e-10 2.34904e-10
2.26968e-10 2.26967e-10 2.26965e-10 2.26961e-10 2.26955e-10 2.26946e-10 2.26932e-10 2.26912e-10 2.26882e-10 2.26834e-10
2.18481e-10  2.1848e-10 2.18477e-10 2.18472e-10 2.18464e-10 2.18452e-10 2.18434e-10 2.18408e-10 2.18369e-10 2.18307e-10
2.09542e-10 2.09541e-10 2.09537e-10  2.0953e-10  2.0952e-10 2.09505e-10 2.09483e-10 2.09451e-10 2.09402e-10 2.09327e-10
2.00155e-10 2.00153e-10 2.00148e-10 2.00141e-10 2.00129e-10  2.0011e-10 2.00084e-10 2.00045e-10 1.99987e-10 1.99897e-10
1.90327e-10 1.90324e-10 1.90319e-10  1.9031e-10 1.90296e-10 1.90274e-10 1.90243e-10 1.90197e-10 1.90129e-10 1.90024e-10
1.80067e-10 1.80064e-10 1.80058e-10 1.80047e-10 1.80031e-10 1.80006e-10  1.7997e-10 1.79917e-10 1.79839e-10 1.79719e-10
1.69387e-10 1.69384e-10 1.69377e-10 1.69365e-10 1.69346e-10 1.69318e-10 1.69277e-10 1.69217e-10 1.69129e-10 1.68993e-10
1.58302e-10 1.58298e-10  1.5829e-10 1.58276e-10 1.58255e-10 1.58224e-10 1.58178e-10 1.58111e-10 1.58012e-10 1.57861e-10
1.46829e-10 1.46824e-10 1.46815e-10   1.468e-10 1.46776e-10 1.46741e-10  1.4669e-10 1.46616e-10 1.46507e-10 1.46339e-10
1.34986e-10 1.34982e-10 1.34971e-10 1.34955e-10 1.34929e-10  1.3489e-10 1.34834e-10 1.34753e-10 1.34633e-10 1.34449e-10
1.22797e-10 1.22792e-10 1.22781e-10 1.22763e-10 1.22734e-10 1.22692e-10 1.22631e-10 1.22542e-10 1.22412e-10 1.22212e-10
1.10287e-10 1.10281e-10 1.10269e-10 1.10249e-10 1.10219e-10 1.10173e-10 1.10107e-10 1.10011e-10 1.09869e-10 1.09654e-10
9.74823e-11 9.74763e-11 9.74633e-11 9.74417e-11 9.74086e-11 9.73596e-11 9.72883e-11 9.71849e-11 9.70331e-11 9.68013e-11
 8.4413e-11 8.44065e-11 8.43926e-11 8.43694e-11 8.43339e-11 8.42815e-11 8.42053e-11 8.40948e-11 8.39326e-11 8.36852e-11
7.11108e-11 7.11039e-11 7.10891e-11 7.10644e-11 7.10266e-11 7.09709e-11 7.08899e-11 7.07724e-11 7.06002e-11 7.03374e-11
5.76099e-11 5.76026e-11 5.75869e-11 5.75607e-11 5.75207e-11 5.74617e-11  5.7376e-11 5.72519e-11 5.70698e-11 5.67922e-11
 4.3946e-11 4.39382e-11 4.39217e-11 4.38941e-11 4.38519e-11 4.37898e-11 4.36996e-11  4.3569e-11 4.33775e-11 4.30858e-11
3.01564e-11 3.01483e-11 3.01309e-11  3.0102e-11 3.00578e-11 2.99926e-11 2.98982e-11 2.97614e-11  2.9561e-11 2.92556e-11
1.62799e-11 1.62714e-11 1.62532e-11  1.6223e-11 1.61769e-11 1.61089e-11 1.60104e-11 1.58679e-11  1.5659e-11 1.53409e-11
2.35617e-12 2.34731e-12 2.32841e-12   2.297e-12 2.24906e-12 2.17849e-12 2.07622e-12 1.92831e-12 1.71155e-12 1.38155e-12