0.000971768 0.000967793 0.000959365 0.000945487 0.000924531 0.000894054 0.000850422 0.000788069 0.000697738 0.000561678 0.000337983 0.000219146 0.000147322 0.000100545  6.8644e-05 4.61712e-05 2.98815e-05 1.76751e-05 8.10088e-06       1e-07
0.000788964 0.000785047 0.000776769  0.00076321 0.000742898  0.00071368 0.000672528 0.000615261 0.000536321  0.00042966 0.000297233  0.00020321 0.000139842 9.65795e-05 6.63815e-05  4.4833e-05 2.90909e-05 1.72357e-05 7.90758e-06       1e-07
 0.00063899 0.000635224 0.000627307 0.000614457 0.000595453 0.000568605  0.00053173 0.000482273 0.000417861 0.000338243 0.000250803 0.000179832 0.000127384 8.95384e-05 6.22268e-05 4.23291e-05 2.75953e-05 1.63991e-05 7.53833e-06       1e-07
0.000516242 0.000512717 0.000505359 0.000493544 0.000476342 0.000452541  0.00042075 0.000379668 0.000328741 0.000269549 0.000207988 0.000154646 0.000112529 8.05964e-05 5.67417e-05 3.89428e-05 2.55421e-05 1.52402e-05 7.02426e-06       1e-07
0.000415915 0.000412705 0.000406049 0.000395484 0.000380349 0.000359847 0.000333188  0.00029986 0.000260135 0.000215804 0.000170831 0.000130487 9.71355e-05 7.08066e-05 5.05061e-05 3.49944e-05 2.31078e-05 1.38515e-05 6.40476e-06       1e-07
0.000333989 0.000331137 0.000325264 0.000316045 0.000303043 0.000285776 0.000263856 0.000237208 0.000206379 0.000172888  0.00013931 0.000108573 8.23368e-05  6.0957e-05  4.4017e-05 3.07849e-05 2.04688e-05 1.23296e-05 5.72164e-06       1e-07
 0.00026715 0.000264673 0.000259603 0.000251728 0.000240777 0.000226491 0.000208726 0.000187614 0.000163734 0.000138252 0.000112855 8.93051e-05 6.87441e-05 5.15712e-05 3.76513e-05 2.65642e-05 1.77807e-05 1.07631e-05 5.01422e-06       1e-07
0.000212689 0.000210579 0.000206287 0.000199683 0.000190614 0.000178964 0.000164726  0.00014811  0.00012963 0.000110153 9.08019e-05 7.26998e-05 5.66354e-05 4.29606e-05 3.16675e-05 2.25202e-05 1.51684e-05 9.22571e-06 4.31607e-06       1e-07
0.000168399 0.000166635 0.000163065 0.000157616 0.000150215  0.00014083 0.000129524 0.000116519  0.00010224 8.73195e-05 7.25239e-05 5.85969e-05 4.60887e-05 3.52836e-05 2.62242e-05 1.87809e-05 1.27226e-05 7.77376e-06 3.65332e-06       1e-07
0.000132486 0.000131036 0.000128112 0.000123683 0.000117721 0.000110244 0.000101341 9.12185e-05 8.02123e-05 6.87844e-05  5.7466e-05 4.67643e-05 3.70668e-05 2.85937e-05 2.14022e-05 1.54226e-05 1.05023e-05 6.44559e-06 3.04432e-06       1e-07
0.000103483 0.000102308   9.995e-05 9.63976e-05 9.16542e-05  8.5758e-05 7.88058e-05 7.09726e-05 6.25207e-05  5.3787e-05  4.5145e-05  3.6947e-05 2.94686e-05 2.28762e-05 1.72256e-05 1.24804e-05 8.53934e-06 5.26363e-06 2.50023e-06       1e-07
8.01825e-05 7.92452e-05  7.7369e-05  7.4557e-05 7.08267e-05 6.62248e-05  6.0841e-05 5.48198e-05  4.8362e-05 4.17139e-05 3.51407e-05 2.88906e-05 2.31602e-05 1.80738e-05 1.36793e-05 9.95858e-06 6.84393e-06 4.23703e-06 2.02606e-06       1e-07
6.15852e-05 6.08474e-05 5.93747e-05 5.71768e-05  5.4277e-05 5.07219e-05 4.65895e-05 4.19956e-05 3.70924e-05   3.206e-05 2.70879e-05 2.23522e-05 1.79937e-05 1.41041e-05 1.07222e-05 7.83941e-06 5.41014e-06 3.36477e-06 1.62203e-06       1e-07
4.68549e-05  4.6282e-05 4.51412e-05 4.34446e-05 4.12165e-05 3.84989e-05 3.53569e-05  3.1881e-05 2.81858e-05 2.44027e-05 2.06677e-05 1.71061e-05 1.38188e-05 1.08726e-05 8.29798e-06 6.09105e-06 4.22099e-06 2.63849e-06 1.28481e-06       1e-07
3.52891e-05 3.48503e-05 3.39781e-05 3.26848e-05 3.09928e-05 2.89381e-05 2.65729e-05  2.3967e-05 2.12059e-05 1.83851e-05 1.56021e-05 1.29463e-05 1.04897e-05 8.28077e-06 6.34246e-06 4.67341e-06 3.25257e-06 2.04509e-06 1.00874e-06       1e-07
2.62954e-05 2.59638e-05 2.53056e-05 2.43323e-05 2.30629e-05  2.1527e-05 1.97655e-05 1.78314e-05 1.57877e-05 1.37038e-05 1.16492e-05 9.68758e-06 7.87014e-06  6.2318e-06 4.78942e-06 3.54279e-06 2.47746e-06 1.56885e-06 7.86816e-07       1e-07
1.93734e-05 1.91262e-05 1.86363e-05 1.79133e-05 1.69729e-05 1.58385e-05 1.45416e-05 1.31216e-05 1.16248e-05  1.0101e-05 8.59968e-06 7.16595e-06 5.83604e-06 4.63479e-06 3.57445e-06 2.65522e-06 1.86718e-06 1.19305e-06 6.11453e-07       1e-07
1.41021e-05 1.39205e-05 1.35609e-05 1.30312e-05 1.23438e-05 1.15167e-05 1.05736e-05 9.54361e-06 8.46004e-06 7.35849e-06 6.27404e-06 5.23831e-06 4.27676e-06 3.40691e-06 2.63749e-06 1.96882e-06 1.39407e-06 9.01185e-07 4.75101e-07       1e-07
1.01284e-05 9.99706e-06  9.7372e-06 9.35495e-06 8.85992e-06 8.26559e-06 7.58939e-06 6.85241e-06 6.07849e-06 5.29275e-06 4.51974e-06  3.7815e-06 3.09574e-06 2.47465e-06 1.92437e-06  1.4452e-06 1.03244e-06 6.77743e-07 3.70618e-07       1e-07
7.15819e-06 7.06491e-06 6.88057e-06 6.60975e-06 6.25961e-06 5.83999e-06 5.36348e-06 4.84508e-06 4.30153e-06  3.7503e-06 3.20838e-06 2.69091e-06 2.21004e-06 1.77415e-06 1.38746e-06 1.05021e-06 7.59192e-07 5.08699e-07 2.91511e-07       1e-07
4.94723e-06 4.88268e-06 4.75521e-06 4.56815e-06 4.32661e-06 4.03761e-06 3.70995e-06 3.35401e-06  2.9813e-06 2.60371e-06 2.23273e-06 1.87857e-06 1.54939e-06 1.25081e-06 9.85679e-07 7.54158e-07  5.5411e-07  3.8169e-07 2.32036e-07       1e-07
3.29314e-06 3.25035e-06  3.1659e-06 3.04206e-06 2.88234e-06 2.69146e-06 2.47534e-06 2.24085e-06 1.99559e-06 1.74733e-06 1.50355e-06 1.27088e-06 1.05461e-06 8.58363e-07  6.8398e-07 5.31565e-07 3.99736e-07    2.86e-07 1.87203e-07       1e-07
2.02698e-06 2.00103e-06 1.94983e-06 1.87481e-06 1.77812e-06 1.66268e-06  1.5321e-06 1.39057e-06 1.24265e-06 1.09303e-06 9.46188e-07 8.06067e-07  6.7582e-07 5.57606e-07 4.52517e-07  3.6061e-07 2.81063e-07 2.12386e-07 1.52698e-07       1e-07
1.00492e-06 9.92693e-07 9.68574e-07 9.33245e-07 8.87742e-07 8.33448e-07 7.72071e-07 7.05587e-07 6.36144e-07 5.65934e-07 4.97051e-07 4.31335e-07 3.70254e-07 3.14811e-07 2.65514e-07 2.22387e-07 1.85045e-07 1.52794e-07 1.24757e-07       1e-07
      1e-07       1e-07       1e-07       1e-07       1e-07       1e-07       1e-07       1e-07       1e-07       1e-07       1e-07       1e-07       1e-07       1e-07       1e-07       1e-07       1e-07       1e-07       1e-07       1e-07