 0.000808834  0.000800477  0.000783772  0.000758752  0.000725497  0.000684175  0.000635108  0.000578867  0.000516426  0.000449435  0.000380872  0.000317133  0.000259613  0.000208302  0.000162734    0.0001223   8.6374e-05  5.43621e-05  2.57273e-05 -2.46297e-27
 0.000787383  0.000779168  0.000762756  0.000738195  0.000705591   0.00066515  0.000617252  0.000562555   0.00050216  0.000437901   0.00037281  0.000311448   0.00025553  0.000205344  0.000160599  0.000120791   8.5355e-05  5.37405e-05  2.54385e-05  4.32523e-27
 0.000751261  0.000743321  0.000727473  0.000703791  0.000672423   0.00063364  0.000587901   0.00053597  0.000479058  0.000419037  0.000358603  0.000300969  0.000247818   0.00019968  0.000156479  0.000117863  8.33727e-05  5.25289e-05   2.4875e-05 -1.11614e-27
 0.000705728  0.000698176  0.000683119  0.000660663  0.000631005  0.000594477  0.000551615  0.000503252  0.000450631  0.000395504  0.000340124  0.000286851  0.000237173  0.000191736   0.00015064  0.000113684  8.05298e-05  5.07863e-05  2.40631e-05 -3.97423e-27
 0.000654776  0.000647699  0.000633606  0.000612633  0.000585019  0.000551146  0.000511598   0.00046723  0.000419237  0.000369179  0.000318898  0.000270197  0.000224346  0.000182011  0.000143409  0.000108468  7.69622e-05  4.85916e-05  2.30386e-05  2.71294e-29
 0.000601368  0.000594823  0.000581808  0.000562481   0.00053711  0.000506108  0.000470075  0.000429844  0.000386513  0.000341433  0.000296106  0.000251951  0.000210038  0.000171006  0.000135136  0.000102452  7.28227e-05  4.60353e-05  2.18425e-05 -1.56308e-27
 0.000547641  0.000541661  0.000529782  0.000512178  0.000489133  0.000461067   0.00042857  0.000392422  0.000353605   0.00031327  0.000272645  0.000232874  0.000194857  0.000159181  0.000126155  9.58684e-05  6.82672e-05  4.32108e-05   2.0518e-05  2.64047e-27
 0.000495093  0.000489685  0.000478954  0.000463081   0.00044235  0.000417175  0.000388111   0.00035587  0.000321313  0.000285416  0.000249187  0.000213563  0.000179301  0.000146932  0.000116766  8.89358e-05  6.34433e-05  4.02085e-05  1.91069e-05 -2.26845e-29
 0.000444725  0.000439879  0.000430273  0.000416085  0.000397591  0.000375181  0.000349369  0.000320788  0.000290187  0.000258386  0.000226222  0.000194468  0.000163765  0.000134583  0.000107225  8.18437e-05  5.84832e-05  3.71103e-05  1.76477e-05 -8.21087e-28
 0.000397168  0.000392861  0.000384329  0.000371743  0.000355362  0.000335547   0.00031276  0.000287559  0.000260586  0.000232533  0.000204097   0.00017592  0.000148546  0.000122391  9.77377e-05  7.47503e-05  5.34992e-05  3.39868e-05  1.61736e-05  -4.3939e-27
 0.000352773  0.000348972  0.000341448  0.000330358  0.000315941  0.000298524  0.000278514    0.0002564  0.000232728  0.000208082  0.000183042  0.000158148  0.000133862  0.000110547  8.84653e-05  6.77813e-05  4.85823e-05  3.08961e-05  1.47123e-05 -3.17522e-27
 0.000311686  0.000308354  0.000301761   0.00029205  0.000279436   0.00026421  0.000246727   0.00022741  0.000206723  0.000185158    0.0001632  0.000141303   0.00011986  9.91881e-05  7.95251e-05  6.10313e-05  4.38022e-05  2.78834e-05  1.32856e-05  3.10973e-28
 0.000273908  0.000271005  0.000265263  0.000256809  0.000245835  0.000232594  0.000217395  0.000200599  0.000182601  0.000163812  0.000144641  0.000125469  0.000106631  8.84023e-05   7.0997e-05  5.45664e-05  3.92093e-05  2.49817e-05  1.19095e-05 -9.57577e-28
 0.000239332  0.000236819  0.000231848  0.000224533  0.000215039  0.000203587  0.000190442  0.000175911  0.000160327  0.000144035  0.000127379  0.000110679  9.42187e-05  7.82389e-05  6.29287e-05  4.84287e-05  3.48362e-05  2.22129e-05  1.05947e-05  1.10443e-28
 0.000207778  0.000205617  0.000201342  0.000195052   0.00018689  0.000177044  0.000165742  0.000153241  0.000139822  0.000125774  0.000111385  9.69234e-05  8.26313e-05   6.8715e-05  5.53415e-05  4.26391e-05  3.07006e-05  1.95897e-05  9.34753e-06  8.79561e-28
 0.000179018  0.000177172  0.000173523  0.000168154  0.000161187  0.000152783  0.000143131   0.00013245  0.000120973  0.000108943   9.6598e-05  8.41646e-05   7.1847e-05  5.98218e-05   4.8235e-05  3.72016e-05  2.68079e-05  1.71164e-05  8.17047e-06  1.34957e-28
 0.000152791   0.00015123  0.000148142    0.0001436  0.000137706  0.000130593  0.000122423  0.000113375  0.000103644  9.34301e-05  8.29325e-05  7.23394e-05  6.18222e-05  5.15311e-05  4.15921e-05  3.21066e-05  2.31532e-05   1.4791e-05  7.06277e-06 -3.75214e-28
 0.000128818  0.000127513  0.000124931  0.000121133  0.000116203  0.000110253  0.000103415  9.58372e-05  8.76802e-05  7.91087e-05  7.02861e-05  6.13679e-05   5.2497e-05  4.37993e-05  3.53823e-05  2.73338e-05  1.97238e-05   1.2606e-05  6.02116e-06   4.1873e-29
 0.000106812  0.000105738  0.000103613  0.000100487  9.64287e-05  9.15291e-05  8.58956e-05  7.96491e-05  7.29193e-05  6.58401e-05  5.85441e-05  5.11582e-05  4.37993e-05  3.65719e-05  2.95655e-05   2.2855e-05  1.65007e-05  1.05502e-05  5.04046e-06 -5.48336e-29
 8.64826e-05  8.56184e-05  8.39096e-05  8.13944e-05  7.81291e-05  7.41856e-05  6.96496e-05  6.46172e-05  5.91914e-05  5.34786e-05  4.75842e-05  4.16097e-05   3.5649e-05  2.97862e-05  2.40946e-05  1.86358e-05  1.34605e-05   8.6092e-06  4.11395e-06  1.28593e-27
   6.754e-05  6.68689e-05  6.55417e-05   6.3588e-05  6.10512e-05  5.79868e-05  5.44606e-05  5.05466e-05  4.63239e-05  4.18744e-05  3.72793e-05  3.26169e-05    2.796e-05  2.33742e-05  1.89171e-05  1.46377e-05  1.05765e-05  6.76639e-06  3.23389e-06 -9.84208e-29
 4.96993e-05  4.92076e-05  4.82353e-05  4.68038e-05  4.49449e-05  4.26987e-05  4.01134e-05  3.72425e-05  3.41436e-05  3.08763e-05  2.74996e-05  2.40707e-05  2.06428e-05  1.72642e-05  1.39776e-05  1.08191e-05  7.81951e-06  5.00362e-06   2.3917e-06  6.02749e-29
 3.26794e-05  3.23572e-05  3.17199e-05  3.07816e-05  2.95629e-05  2.80901e-05  2.63946e-05  2.45112e-05  2.24775e-05  2.03322e-05  1.81141e-05  1.58603e-05  1.36058e-05  1.13823e-05  9.21784e-06  7.13664e-06  5.15898e-06  3.30165e-06  1.57831e-06   7.2805e-31
  1.6204e-05  1.60446e-05  1.57292e-05  1.52648e-05  1.46616e-05  1.39326e-05  1.30932e-05  1.21606e-05  1.11534e-05  1.00906e-05  8.99136e-06  7.87407e-06  6.75601e-06  5.65291e-06  4.57869e-06  3.54541e-06  2.56323e-06  1.64056e-06  7.84288e-07            0
 3.44106e-27   8.3933e-28 -1.31667e-27 -1.50133e-28  6.49027e-28  4.24895e-27  7.55681e-28  3.01094e-28  3.10193e-29 -4.51748e-29  2.76039e-27 -6.34706e-28 -5.13214e-28  1.97519e-28  9.28769e-29  2.30564e-28  2.75361e-29  1.14943e-28 -1.26025e-30            0