1.75611e-07 1.74535e-07 1.72422e-07 1.69342e-07   1.654e-07 1.60731e-07 1.55493e-07 1.49864e-07 1.44031e-07 1.38187e-07 1.32518e-07 1.27201e-07 1.22323e-07 1.17917e-07 1.13977e-07 1.10476e-07 1.07373e-07 1.04625e-07 1.02182e-07       1e-07
 1.7449e-07 1.73433e-07 1.71354e-07 1.68324e-07 1.64448e-07 1.59857e-07 1.54707e-07 1.49173e-07 1.43441e-07 1.37698e-07 1.32129e-07 1.26895e-07 1.22087e-07 1.17736e-07 1.13842e-07 1.10378e-07 1.07307e-07 1.04584e-07 1.02163e-07       1e-07
1.72276e-07 1.71253e-07 1.69243e-07 1.66315e-07 1.62568e-07 1.58131e-07 1.53156e-07 1.47811e-07 1.42276e-07 1.36733e-07 1.31353e-07 1.26283e-07 1.21611e-07 1.17374e-07 1.13571e-07 1.10183e-07 1.07173e-07 1.04502e-07 1.02125e-07       1e-07
1.69105e-07 1.68133e-07 1.66222e-07 1.63438e-07 1.59877e-07 1.55662e-07 1.50937e-07 1.45862e-07 1.40607e-07 1.35342e-07 1.30226e-07 1.25388e-07 1.20913e-07 1.16838e-07  1.1317e-07 1.09893e-07 1.06975e-07  1.0438e-07 1.02069e-07       1e-07
1.65176e-07 1.64266e-07 1.62479e-07 1.59875e-07 1.56545e-07 1.52604e-07 1.48186e-07 1.43443e-07 1.38529e-07 1.33602e-07 1.28804e-07  1.2425e-07 1.20018e-07  1.1615e-07 1.12653e-07 1.09517e-07 1.06718e-07 1.04222e-07 1.01995e-07       1e-07
1.60708e-07 1.59869e-07 1.58222e-07 1.55822e-07 1.52754e-07 1.49122e-07 1.45052e-07  1.4068e-07 1.36148e-07 1.31597e-07 1.27152e-07 1.22918e-07 1.18965e-07 1.15334e-07 1.12037e-07 1.09069e-07  1.0641e-07 1.04032e-07 1.01906e-07       1e-07
1.55912e-07  1.5515e-07 1.53652e-07  1.5147e-07  1.4868e-07 1.45378e-07 1.41675e-07 1.37695e-07 1.33566e-07  1.2941e-07 1.25339e-07 1.21444e-07 1.17792e-07  1.1442e-07 1.11343e-07 1.08562e-07  1.0606e-07 1.03816e-07 1.01805e-07       1e-07
1.50976e-07 1.50292e-07 1.48946e-07 1.46986e-07  1.4448e-07 1.41512e-07 1.38182e-07 1.34599e-07 1.30875e-07 1.27119e-07 1.23427e-07 1.19881e-07 1.16538e-07 1.13437e-07 1.10594e-07 1.08011e-07 1.05679e-07 1.03581e-07 1.01695e-07       1e-07
1.46057e-07 1.45448e-07 1.44253e-07 1.42511e-07 1.40282e-07 1.37642e-07 1.34677e-07 1.31483e-07 1.28157e-07 1.24792e-07 1.21474e-07 1.18273e-07 1.15241e-07 1.12414e-07  1.0981e-07 1.07433e-07 1.05277e-07 1.03331e-07 1.01578e-07       1e-07
1.41273e-07 1.40738e-07 1.39686e-07 1.38152e-07 1.36189e-07 1.33861e-07 1.31245e-07 1.28421e-07 1.25475e-07 1.22485e-07 1.19527e-07 1.16661e-07 1.13933e-07 1.11377e-07  1.0901e-07  1.0684e-07 1.04865e-07 1.03075e-07 1.01458e-07       1e-07
1.36713e-07 1.36246e-07 1.35328e-07 1.33989e-07 1.32274e-07 1.30238e-07 1.27947e-07  1.2547e-07 1.22879e-07 1.20242e-07 1.17624e-07 1.15076e-07  1.1264e-07 1.10346e-07 1.08212e-07 1.06246e-07 1.04449e-07 1.02815e-07 1.01336e-07       1e-07
1.32434e-07 1.32029e-07 1.31234e-07 1.30073e-07 1.28586e-07 1.26818e-07 1.24826e-07 1.22668e-07 1.20405e-07 1.18095e-07 1.15793e-07 1.13543e-07 1.11383e-07 1.09339e-07 1.07428e-07 1.05661e-07 1.04038e-07 1.02558e-07 1.01215e-07       1e-07
1.28467e-07 1.28119e-07 1.27435e-07 1.26436e-07 1.25154e-07  1.2363e-07 1.21908e-07  1.2004e-07 1.18076e-07 1.16065e-07 1.14053e-07  1.1208e-07 1.10177e-07 1.08368e-07  1.0667e-07 1.05092e-07 1.03638e-07 1.02307e-07 1.01096e-07       1e-07
1.24825e-07 1.24528e-07 1.23943e-07 1.23088e-07 1.21991e-07 1.20684e-07 1.19206e-07 1.17599e-07 1.15904e-07 1.14165e-07 1.12418e-07 1.10698e-07 1.09032e-07 1.07442e-07 1.05943e-07 1.04545e-07 1.03252e-07 1.02065e-07 1.00982e-07       1e-07
1.21504e-07 1.21252e-07 1.20755e-07 1.20029e-07 1.19095e-07 1.17982e-07 1.16721e-07 1.15346e-07 1.13894e-07 1.12398e-07 1.10891e-07 1.09402e-07 1.07954e-07 1.06567e-07 1.05254e-07 1.04024e-07 1.02883e-07 1.01832e-07 1.00872e-07       1e-07
1.18489e-07 1.18276e-07 1.17857e-07 1.17244e-07 1.16455e-07 1.15513e-07 1.14444e-07 1.13277e-07 1.12041e-07 1.10764e-07 1.09474e-07 1.08194e-07 1.06945e-07 1.05744e-07 1.04603e-07 1.03531e-07 1.02533e-07 1.01611e-07 1.00767e-07       1e-07
1.15755e-07 1.15577e-07 1.15227e-07 1.14713e-07 1.14052e-07 1.13262e-07 1.12363e-07  1.1138e-07 1.10336e-07 1.09256e-07  1.0816e-07  1.0707e-07 1.06003e-07 1.04973e-07 1.03992e-07 1.03066e-07 1.02202e-07 1.01402e-07 1.00668e-07       1e-07
1.13275e-07 1.13128e-07 1.12837e-07 1.12412e-07 1.11863e-07 1.11207e-07 1.10459e-07  1.0964e-07 1.08768e-07 1.07863e-07 1.06943e-07 1.06025e-07 1.05124e-07 1.04251e-07 1.03417e-07 1.02627e-07 1.01889e-07 1.01203e-07 1.00574e-07       1e-07
1.11015e-07 1.10895e-07 1.10658e-07  1.1031e-07 1.09861e-07 1.09323e-07  1.0871e-07 1.08037e-07 1.07319e-07 1.06573e-07 1.05812e-07 1.05051e-07 1.04301e-07 1.03573e-07 1.02875e-07 1.02213e-07 1.01592e-07 1.01015e-07 1.00484e-07       1e-07
 1.0894e-07 1.08844e-07 1.08654e-07 1.08375e-07 1.08016e-07 1.07584e-07 1.07092e-07  1.0655e-07 1.05972e-07 1.05369e-07 1.04753e-07 1.04136e-07 1.03526e-07 1.02933e-07 1.02362e-07  1.0182e-07 1.01311e-07 1.00836e-07 1.00399e-07       1e-07
1.07013e-07 1.06938e-07 1.06791e-07 1.06575e-07 1.06296e-07 1.05961e-07 1.05578e-07 1.05157e-07 1.04706e-07 1.04235e-07 1.03753e-07 1.03269e-07  1.0279e-07 1.02323e-07 1.01873e-07 1.01444e-07  1.0104e-07 1.00664e-07 1.00317e-07       1e-07
1.05196e-07 1.05141e-07 1.05033e-07 1.04875e-07  1.0467e-07 1.04424e-07 1.04142e-07 1.03832e-07 1.03499e-07 1.03152e-07 1.02795e-07 1.02437e-07 1.02081e-07 1.01734e-07 1.01399e-07  1.0108e-07 1.00778e-07 1.00497e-07 1.00237e-07       1e-07
1.03449e-07 1.03413e-07 1.03342e-07 1.03238e-07 1.03103e-07  1.0294e-07 1.02754e-07 1.02549e-07  1.0233e-07 1.02099e-07 1.01863e-07 1.01625e-07 1.01389e-07 1.01158e-07 1.00935e-07 1.00722e-07 1.00521e-07 1.00333e-07 1.00159e-07       1e-07
1.01732e-07 1.01714e-07 1.01678e-07 1.01626e-07 1.01559e-07 1.01478e-07 1.01385e-07 1.01282e-07 1.01172e-07 1.01057e-07 1.00938e-07 1.00819e-07   1.007e-07 1.00584e-07 1.00472e-07 1.00364e-07 1.00263e-07 1.00168e-07  1.0008e-07       1e-07
      1e-07       1e-07       1e-07       1e-07       1e-07       1e-07       1e-07       1e-07       1e-07       1e-07       1e-07       1e-07       1e-07       1e-07       1e-07       1e-07       1e-07       1e-07       1e-07       1e-07