    0.09967     0.09967     0.09967     0.09967     0.09967   0.0996699   0.0996699   0.0996697   0.0996695    0.099669
  0.0996665   0.0996665   0.0996665   0.0996665   0.0996665   0.0996664   0.0996663   0.0996662   0.0996659   0.0996655
  0.0996594   0.0996594   0.0996594   0.0996594   0.0996594   0.0996593   0.0996592   0.0996591   0.0996588   0.0996583
  0.0996487   0.0996487   0.0996487   0.0996487   0.0996486   0.0996486   0.0996485   0.0996484   0.0996481   0.0996476
  0.0996343   0.0996343   0.0996343   0.0996343   0.0996343   0.0996342   0.0996341    0.099634   0.0996337   0.0996331
  0.0996161   0.0996161   0.0996161   0.0996161   0.0996161    0.099616   0.0996159   0.0996158   0.0996155   0.0996149
  0.0995941   0.0995941    0.099594    0.099594    0.099594   0.0995939   0.0995939   0.0995937   0.0995934   0.0995928
  0.0995679   0.0995679   0.0995679   0.0995679   0.0995679   0.0995678   0.0995677   0.0995675   0.0995672   0.0995665
  0.0995376   0.0995376   0.0995376   0.0995376   0.0995375   0.0995375   0.0995373   0.0995371   0.0995368   0.0995361
  0.0995028   0.0995028   0.0995028   0.0995028   0.0995027   0.0995027   0.0995025   0.0995023   0.0995019   0.0995012
  0.0994634   0.0994634   0.0994634   0.0994634   0.0994633   0.0994632   0.0994631   0.0994629   0.0994624   0.0994617
  0.0994191   0.0994191   0.0994191    0.099419    0.099419   0.0994189   0.0994188   0.0994185    0.099418   0.0994172
  0.0993696   0.0993696   0.0993696   0.0993695   0.0993695   0.0993694   0.0993692    0.099369   0.0993685   0.0993675
  0.0993146   0.0993146   0.0993146   0.0993146   0.0993145   0.0993144   0.0993142   0.0993139   0.0993134   0.0993124
  0.0992539   0.0992538   0.0992538   0.0992538   0.0992537   0.0992536   0.0992534   0.0992531   0.0992525   0.0992514
  0.0991869   0.0991869   0.0991869   0.0991868   0.0991868   0.0991866   0.0991864    0.099186   0.0991854   0.0991842
  0.0991134   0.0991134   0.0991134   0.0991133   0.0991132   0.0991131   0.0991128   0.0991124   0.0991117   0.0991104
  0.0990329   0.0990329   0.0990329   0.0990328   0.0990327   0.0990326   0.0990323   0.0990318    0.099031   0.0990296
   0.098945    0.098945   0.0989449   0.0989449   0.0989448   0.0989446   0.0989443   0.0989438   0.0989429   0.0989414
  0.0988492   0.0988491   0.0988491    0.098849   0.0988489   0.0988487   0.0988484   0.0988479   0.0988469   0.0988452
  0.0987449   0.0987449   0.0987449   0.0987448   0.0987447   0.0987444   0.0987441   0.0987435   0.0987425   0.0987406
  0.0986317   0.0986317   0.0986317   0.0986316   0.0986314   0.0986312   0.0986308   0.0986302    0.098629    0.098627
  0.0985091    0.098509    0.098509   0.0985089   0.0985087   0.0985085    0.098508   0.0985073   0.0985061   0.0985039
  0.0983762   0.0983762   0.0983762    0.098376   0.0983759   0.0983756   0.0983751   0.0983743   0.0983729   0.0983706
  0.0982327   0.0982326   0.0982326   0.0982325   0.0982323   0.0982319   0.0982314   0.0982305   0.0982291   0.0982265
  0.0980777   0.0980777   0.0980776   0.0980775   0.0980773   0.0980769   0.0980763   0.0980753   0.0980737   0.0980709
  0.0979106   0.0979106   0.0979105   0.0979104   0.0979101   0.0979097   0.0979091    0.097908   0.0979063   0.0979032
  0.0977307   0.0977307   0.0977306   0.0977304   0.0977302   0.0977297    0.097729   0.0977279    0.097726   0.0977227
  0.0975373   0.0975372   0.0975371   0.0975369   0.0975366   0.0975362   0.0975354   0.0975341    0.097532   0.0975285
  0.0973294   0.0973294   0.0973293    0.097329   0.0973287   0.0973282   0.0973273    0.097326   0.0973237   0.0973198
  0.0971064   0.0971063   0.0971062    0.097106   0.0971056    0.097105   0.0971041   0.0971026   0.0971002    0.097096
  0.0968673   0.0968673   0.0968671   0.0968669   0.0968665   0.0968658   0.0968648   0.0968632   0.0968605    0.096856
  0.0966114   0.0966113   0.0966111   0.0966109   0.0966104   0.0966097   0.0966086   0.0966068   0.0966039    0.096599
  0.0963376   0.0963375   0.0963373    0.096337   0.0963365   0.0963358   0.0963345   0.0963326   0.0963295   0.0963242
   0.096045    0.096045   0.0960448   0.0960444   0.0960439    0.096043   0.0960417   0.0960396   0.0960362   0.0960306
  0.0957328   0.0957327   0.0957325   0.0957322   0.0957316   0.0957306   0.0957292   0.0957269   0.0957232   0.0957171
  0.0953999   0.0953998   0.0953996   0.0953992   0.0953985   0.0953975   0.0953959   0.0953935   0.0953895    0.095383
  0.0950453   0.0950452    0.095045   0.0950445   0.0950438   0.0950427    0.095041   0.0950383    0.095034    0.095027
   0.094668   0.0946679   0.0946676   0.0946671   0.0946664   0.0946651   0.0946633   0.0946604   0.0946558   0.0946482
   0.094267   0.0942668   0.0942665    0.094266   0.0942651   0.0942638   0.0942618   0.0942587   0.0942537   0.0942456
  0.0938411    0.093841   0.0938406     0.09384   0.0938391   0.0938377   0.0938354   0.0938321   0.0938267    0.093818
  0.0933893   0.0933892   0.0933888   0.0933881   0.0933871   0.0933856   0.0933832   0.0933795   0.0933738   0.0933645
  0.0929106   0.0929104     0.09291   0.0929093   0.0929081   0.0929064   0.0929039   0.0928999   0.0928938   0.0928838
  0.0924037   0.0924035    0.092403   0.0924023   0.0924011   0.0923992   0.0923964   0.0923922   0.0923856   0.0923749
  0.0918676   0.0918674   0.0918669   0.0918661   0.0918647   0.0918627   0.0918597   0.0918551   0.0918481   0.0918367
  0.0913013    0.091301   0.0913005   0.0912995   0.0912981   0.0912959   0.0912927   0.0912877   0.0912802   0.0912681
  0.0907034   0.0907032   0.0907026   0.0907016      0.0907   0.0906976   0.0906941   0.0906888   0.0906807   0.0906679
  0.0900731   0.0900728   0.0900721    0.090071   0.0900693   0.0900668    0.090063   0.0900573   0.0900487    0.090035
  0.0894091   0.0894087    0.089408   0.0894068    0.089405   0.0894022   0.0893982   0.0893921   0.0893828   0.0893683
  0.0887103   0.0887099   0.0887092   0.0887079   0.0887059   0.0887029   0.0886985    0.088692   0.0886822   0.0886667
  0.0879757   0.0879753   0.0879745   0.0879731   0.0879709   0.0879677    0.087963    0.087956   0.0879455   0.0879291
  0.0872042   0.0872038   0.0872029   0.0872014    0.087199   0.0871956   0.0871905    0.087183   0.0871719   0.0871545
  0.0863948   0.0863943   0.0863933   0.0863917   0.0863892   0.0863854     0.08638    0.086372   0.0863602   0.0863417
  0.0855464   0.0855459   0.0855448    0.085543   0.0855403   0.0855363   0.0855305    0.085522   0.0855094   0.0854899
   0.084658   0.0846575   0.0846563   0.0846544   0.0846515   0.0846472    0.084641   0.0846319   0.0846185   0.0845979
  0.0837288   0.0837282   0.0837269   0.0837249   0.0837217   0.0837171   0.0837104   0.0837008   0.0836866   0.0836648
  0.0827577   0.0827571   0.0827557   0.0827535   0.0827501   0.0827452   0.0827381   0.0827278   0.0827128   0.0826898
   0.081744   0.0817433   0.0817418   0.0817394   0.0817358   0.0817305   0.0817229    0.081712   0.0816961   0.0816719
  0.0806868    0.080686   0.0806844   0.0806818   0.0806779   0.0806723   0.0806642   0.0806526   0.0806358   0.0806103
  0.0795852   0.0795844   0.0795827   0.0795799   0.0795758   0.0795697   0.0795611   0.0795488    0.079531   0.0795042
  0.0784388   0.0784379    0.078436    0.078433   0.0784286   0.0784221   0.0784129   0.0783999   0.0783812    0.078353
  0.0772466   0.0772457   0.0772437   0.0772405   0.0772357   0.0772288   0.0772191   0.0772053   0.0771856    0.077156
  0.0760083   0.0760073   0.0760052   0.0760017   0.0759966   0.0759893   0.0759789   0.0759644   0.0759436   0.0759126
  0.0747233   0.0747222   0.0747199   0.0747162   0.0747108    0.074703    0.074692   0.0746766   0.0746547   0.0746222
  0.0733911   0.0733899   0.0733875   0.0733836   0.0733777   0.0733694   0.0733578   0.0733416   0.0733186   0.0732846
  0.0720114   0.0720102   0.0720076   0.0720034   0.0719971   0.0719883    0.071976   0.0719589   0.0719348   0.0718992
   0.070584   0.0705827   0.0705799   0.0705754   0.0705688   0.0705594   0.0705464   0.0705284    0.070503   0.0704659
  0.0691086   0.0691072   0.0691042   0.0690994   0.0690924   0.0690825   0.0690687   0.0690498   0.0690232   0.0689844
  0.0675852   0.0675837   0.0675805   0.0675754   0.0675679   0.0675574   0.0675429    0.067523   0.0674952   0.0674548
  0.0660137   0.0660121   0.0660087   0.0660033   0.0659954   0.0659843    0.065969   0.0659481    0.065919   0.0658769
  0.0643943   0.0643926    0.064389   0.0643832   0.0643748   0.0643631    0.064347   0.0643251   0.0642947   0.0642509
  0.0627272   0.0627254   0.0627215   0.0627154   0.0627065   0.0626941   0.0626773   0.0626543   0.0626225    0.062577
  0.0610127   0.0610107   0.0610066   0.0610001   0.0609907   0.0609777   0.0609599   0.0609359   0.0609028   0.0608555
  0.0592511    0.059249   0.0592447   0.0592378   0.0592279   0.0592141   0.0591955   0.0591704   0.0591359   0.0590868
   0.057443   0.0574408   0.0574362    0.057429   0.0574185    0.057404   0.0573845   0.0573582   0.0573223   0.0572714
  0.0555891   0.0555867   0.0555819   0.0555742   0.0555632    0.055548   0.0555275   0.0555001   0.0554628   0.0554101
    0.05369   0.0536875   0.0536824   0.0536743   0.0536626   0.0536467   0.0536253   0.0535967   0.0535579   0.0535034
  0.0517466   0.0517439   0.0517385     0.05173   0.0517177    0.051701   0.0516786   0.0516488   0.0516086   0.0515523
  0.0497598    0.049757   0.0497513   0.0497423   0.0497294   0.0497119   0.0496885   0.0496575   0.0496159   0.0495577
  0.0477307   0.0477277   0.0477217   0.0477122   0.0476987   0.0476804    0.047656   0.0476238   0.0475807   0.0475206
  0.0456604   0.0456573    0.045651    0.045641   0.0456269   0.0456077   0.0455823   0.0455489   0.0455042   0.0454424
  0.0435503    0.043547   0.0435404   0.0435299   0.0435151   0.0434951   0.0434687   0.0434339   0.0433878   0.0433241
  0.0414016   0.0413982   0.0413912   0.0413803   0.0413648   0.0413439   0.0413164   0.0412804   0.0412328   0.0411673
  0.0392159   0.0392124    0.039205   0.0391935   0.0391774   0.0391556   0.0391271   0.0390898   0.0390407   0.0389734
  0.0369948    0.036991   0.0369834   0.0369714   0.0369545   0.0369318   0.0369022   0.0368637   0.0368131    0.036744
  0.0347399   0.0347359   0.0347279   0.0347153   0.0346977   0.0346742   0.0346435   0.0346037   0.0345516   0.0344808
  0.0324529   0.0324488   0.0324404   0.0324273    0.032409   0.0323845   0.0323527   0.0323117   0.0322581   0.0321855
  0.0301358   0.0301315   0.0301227    0.030109     0.03009   0.0300646   0.0300317   0.0299894   0.0299344   0.0298601
  0.0277904   0.0277859   0.0277767   0.0277625   0.0277427   0.0277165   0.0276825   0.0276389   0.0275824   0.0275065
  0.0254188   0.0254141   0.0254046   0.0253898   0.0253692   0.0253421    0.025307   0.0252622   0.0252043   0.0251267
  0.0230231   0.0230182   0.0230083   0.0229929   0.0229716   0.0229435   0.0229074   0.0228613    0.022802   0.0227228
  0.0206053   0.0206003     0.02059   0.0205741    0.020552    0.020523   0.0204858   0.0204385   0.0203778   0.0202971
  0.0181679   0.0181626   0.0181519   0.0181355   0.0181126   0.0180827   0.0180444   0.0179959   0.0179339   0.0178517
   0.015713   0.0157075   0.0156964   0.0156794   0.0156558    0.015625   0.0155856    0.015536   0.0154727    0.015389
  0.0132429   0.0132372   0.0132258   0.0132081   0.0131838   0.0131521   0.0131117   0.0130609   0.0129963   0.0129113
  0.0107601   0.0107542   0.0107423   0.0107241   0.0106991   0.0106665   0.0106251   0.0105731   0.0105073    0.010421
 0.00826687  0.00826082  0.00824857  0.00822981  0.00820404  0.00817052  0.00812814  0.00807509  0.00800813  0.00792053
 0.00576576  0.00575951  0.00574688  0.00572756  0.00570107   0.0056667  0.00562335  0.00556924  0.00550116  0.00541237
  0.0032592  0.00325276  0.00323975  0.00321988  0.00319269  0.00315747  0.00311318  0.00305804   0.0029889  0.00289901
0.000749659 0.000743033  0.00072965 0.000709238 0.000681355 0.000645329 0.000600118 0.000544008 0.000473848 0.000382939