   0.107189     0.10719     0.10719    0.107191    0.107192    0.107194    0.107197    0.107201    0.107208    0.107218
   0.107199      0.1072      0.1072    0.107201    0.107202    0.107204    0.107207    0.107211    0.107218    0.107229
    0.10722    0.107221    0.107221    0.107222    0.107223    0.107225    0.107228    0.107232    0.107239     0.10725
   0.107253    0.107253    0.107254    0.107255    0.107256    0.107258     0.10726    0.107265    0.107272    0.107282
   0.107299    0.107299    0.107299      0.1073    0.107301    0.107303    0.107306     0.10731    0.107317    0.107328
   0.107357    0.107358    0.107358    0.107359     0.10736    0.107362    0.107365    0.107369    0.107376    0.107387
    0.10743     0.10743    0.107431    0.107432    0.107433    0.107435    0.107438    0.107442    0.107449     0.10746
   0.107518    0.107518    0.107518    0.107519     0.10752    0.107522    0.107525     0.10753    0.107537    0.107548
    0.10762    0.107621    0.107621    0.107622    0.107623    0.107625    0.107628    0.107633     0.10764    0.107651
   0.107739    0.107739     0.10774     0.10774    0.107742    0.107744    0.107747    0.107752    0.107759     0.10777
   0.107874    0.107874    0.107874    0.107875    0.107876    0.107879    0.107882    0.107886    0.107894    0.107906
   0.108025    0.108025    0.108026    0.108026    0.108028     0.10803    0.108033    0.108038    0.108046    0.108058
   0.108193    0.108193    0.108194    0.108195    0.108196    0.108198    0.108202    0.108207    0.108214    0.108227
   0.108378    0.108379    0.108379     0.10838    0.108382    0.108384    0.108387    0.108392      0.1084    0.108413
   0.108581    0.108582    0.108582    0.108583    0.108585    0.108587     0.10859    0.108596    0.108604    0.108617
   0.108802    0.108802    0.108803    0.108804    0.108805    0.108808    0.108811    0.108817    0.108825    0.108838
    0.10904     0.10904    0.109041    0.109042    0.109044    0.109046     0.10905    0.109055    0.109064    0.109077
   0.109296    0.109296    0.109297    0.109298      0.1093    0.109302    0.109306    0.109312    0.109321    0.109335
    0.10957     0.10957    0.109571    0.109572    0.109574    0.109576     0.10958    0.109586    0.109596     0.10961
   0.109862    0.109862    0.109863    0.109864    0.109866    0.109868    0.109873    0.109879    0.109888    0.109903
   0.110171    0.110171    0.110172    0.110173    0.110175    0.110178    0.110182    0.110189    0.110198    0.110214
   0.110498    0.110498    0.110499      0.1105    0.110502    0.110505    0.110509    0.110516    0.110526    0.110542
   0.110842    0.110842    0.110843    0.110844    0.110846    0.110849    0.110854    0.110861    0.110871    0.110887
   0.111203    0.111203    0.111204    0.111205    0.111207    0.111211    0.111215    0.111222    0.111233     0.11125
    0.11158    0.111581    0.111581    0.111583    0.111585    0.111588    0.111593    0.111601    0.111612    0.111629
   0.111974    0.111974    0.111975    0.111976    0.111979    0.111982    0.111987    0.111995    0.112007    0.112025
   0.112383    0.112383    0.112384    0.112385    0.112388    0.112391    0.112397    0.112405    0.112417    0.112435
   0.112806    0.112807    0.112808    0.112809    0.112812    0.112816    0.112821    0.112829    0.112842    0.112861
   0.113244    0.113245    0.113246    0.113247     0.11325    0.113254     0.11326    0.113268    0.113281    0.113301
   0.113696    0.113696    0.113697    0.113699    0.113701    0.113705    0.113712     0.11372    0.113734    0.113755
   0.114159     0.11416    0.114161    0.114163    0.114165     0.11417    0.114176    0.114185    0.114199    0.114221
   0.114634    0.114635    0.114636    0.114638    0.114641    0.114645    0.114652    0.114661    0.114676    0.114698
    0.11512     0.11512    0.115121    0.115123    0.115126    0.115131    0.115138    0.115148    0.115162    0.115186
   0.115614    0.115615    0.115616    0.115618    0.115621    0.115626    0.115633    0.115643    0.115658    0.115682
   0.116116    0.116117    0.116118     0.11612    0.116123    0.116128    0.116135    0.116146    0.116162    0.116187
   0.116624    0.116625    0.116626    0.116628    0.116631    0.116637    0.116644    0.116655    0.116672    0.116697
   0.117137    0.117137    0.117139    0.117141    0.117144     0.11715    0.117157    0.117169    0.117186    0.117213
   0.117652    0.117653    0.117654    0.117657     0.11766    0.117666    0.117674    0.117686    0.117703    0.117731
   0.118169    0.118169    0.118171    0.118173    0.118177    0.118182    0.118191    0.118203    0.118221    0.118249
   0.118684    0.118684    0.118686    0.118688    0.118692    0.118698    0.118707    0.118719    0.118738    0.118767
   0.119195    0.119196    0.119198      0.1192    0.119204     0.11921    0.119219    0.119232    0.119251    0.119281
   0.119701    0.119702    0.119704    0.119706     0.11971    0.119717    0.119726    0.119739    0.119759     0.11979
   0.120199      0.1202    0.120201    0.120204    0.120208    0.120215    0.120224    0.120238    0.120258     0.12029
   0.120685    0.120686    0.120688    0.120691    0.120695    0.120701    0.120711    0.120725    0.120746    0.120779
   0.121158    0.121159     0.12116    0.121163    0.121168    0.121174    0.121184    0.121199    0.121221    0.121254
   0.121613    0.121614    0.121616    0.121619    0.121623     0.12163     0.12164    0.121655    0.121678    0.121711
   0.122048    0.122049    0.122051    0.122054    0.122059    0.122066    0.122076    0.122091    0.122114    0.122149
    0.12246     0.12246    0.122462    0.122465     0.12247    0.122477    0.122488    0.122504    0.122527    0.122562
   0.122843    0.122844    0.122846    0.122849    0.122854    0.122861    0.122872    0.122888    0.122912    0.122948
   0.123195    0.123196    0.123198    0.123202    0.123207    0.123214    0.123225    0.123241    0.123265    0.123302
   0.123512    0.123513    0.123515    0.123518    0.123524    0.123531    0.123542    0.123559    0.123583     0.12362
   0.123789     0.12379    0.123792    0.123796    0.123801    0.123809     0.12382    0.123837    0.123861    0.123899
   0.124022    0.124023    0.124025    0.124028    0.124034    0.124042    0.124053     0.12407    0.124095    0.124133
   0.124206    0.124207    0.124209    0.124212    0.124218    0.124226    0.124237    0.124254     0.12428    0.124318
   0.124336    0.124337    0.124339    0.124343    0.124348    0.124356    0.124368    0.124385     0.12441    0.124449
   0.124407    0.124408    0.124411    0.124414    0.124419    0.124428    0.124439    0.124457    0.124482    0.124521
   0.124415    0.124416    0.124418    0.124421    0.124427    0.124435    0.124447    0.124464    0.124489    0.124528
   0.124353    0.124353    0.124356    0.124359    0.124365    0.124373    0.124385    0.124402    0.124427    0.124466
   0.124215    0.124216    0.124218    0.124222    0.124227    0.124235    0.124247    0.124264    0.124289    0.124328
   0.123997    0.123998       0.124    0.124004    0.124009    0.124017    0.124029    0.124046    0.124071    0.124109
   0.123693    0.123694    0.123696    0.123699    0.123704    0.123712    0.123724    0.123741    0.123765    0.123803
   0.123295    0.123296    0.123298    0.123302    0.123307    0.123315    0.123326    0.123343    0.123367    0.123403
     0.1228      0.1228    0.122802    0.122806    0.122811    0.122819     0.12283    0.122846     0.12287    0.122905
   0.122199      0.1222    0.122202    0.122205     0.12221    0.122218    0.122228    0.122244    0.122267    0.122302
   0.121488    0.121488     0.12149    0.121494    0.121498    0.121506    0.121516    0.121531    0.121553    0.121587
   0.120659     0.12066    0.120662    0.120665     0.12067    0.120676    0.120687    0.120701    0.120722    0.120754
   0.119707    0.119708     0.11971    0.119713    0.119717    0.119724    0.119734    0.119747    0.119767    0.119798
   0.118627    0.118627    0.118629    0.118632    0.118636    0.118642    0.118651    0.118664    0.118683    0.118711
    0.11741    0.117411    0.117413    0.117415    0.117419    0.117425    0.117433    0.117445    0.117463    0.117489
   0.116053    0.116054    0.116055    0.116058    0.116061    0.116067    0.116074    0.116085    0.116101    0.116125
   0.114549     0.11455    0.114551    0.114554    0.114557    0.114562    0.114569    0.114578    0.114593    0.114614
   0.112894    0.112894    0.112895    0.112897      0.1129    0.112904     0.11291    0.112919    0.112931     0.11295
    0.11108    0.111081    0.111082    0.111084    0.111086     0.11109    0.111095    0.111102    0.111112    0.111127
   0.109105    0.109106    0.109107    0.109108     0.10911    0.109113    0.109117    0.109122    0.109131    0.109142
   0.106964    0.106964    0.106965    0.106966    0.106967    0.106969    0.106972    0.106976    0.106982     0.10699
   0.104652    0.104652    0.104653    0.104653    0.104654    0.104656    0.104657     0.10466    0.104663    0.104667
   0.102167    0.102167    0.102167    0.102167    0.102168    0.102168    0.102169    0.102169     0.10217     0.10217
  0.0995049   0.0995049   0.0995048   0.0995047   0.0995044   0.0995039    0.099503   0.0995016   0.0994991   0.0994948
  0.0966643   0.0966642   0.0966638   0.0966633   0.0966623   0.0966609   0.0966585    0.096655   0.0966495   0.0966405
  0.0936435   0.0936432   0.0936426   0.0936416     0.09364   0.0936374   0.0936336   0.0936278   0.0936191   0.0936052
  0.0904417   0.0904413   0.0904404   0.0904389   0.0904365   0.0904329   0.0904275   0.0904194   0.0904073   0.0903883
  0.0870589   0.0870584   0.0870572   0.0870552    0.087052   0.0870472   0.0870401   0.0870297    0.087014   0.0869896
  0.0834961   0.0834954   0.0834939   0.0834913   0.0834874   0.0834814   0.0834726   0.0834596   0.0834403   0.0834103
  0.0797549   0.0797541   0.0797522   0.0797491   0.0797443   0.0797371   0.0797265   0.0797109   0.0796878    0.079652
  0.0758382   0.0758372    0.075835   0.0758313   0.0758256   0.0758171   0.0758047   0.0757864   0.0757594   0.0757177
  0.0717495   0.0717484   0.0717458   0.0717416    0.071735   0.0717252   0.0717108   0.0716898   0.0716588    0.071611
  0.0674938   0.0674924   0.0674895   0.0674847   0.0674772    0.067466   0.0674497   0.0674259   0.0673907   0.0673367
  0.0630765    0.063075   0.0630717   0.0630663   0.0630579   0.0630453    0.063027   0.0630003    0.062961   0.0629007
  0.0585046    0.058503   0.0584993   0.0584932   0.0584839   0.0584699   0.0584496   0.0584201   0.0583765   0.0583098
  0.0537859   0.0537841   0.0537801   0.0537733    0.053763   0.0537477   0.0537254   0.0536929   0.0536451   0.0535719
  0.0489293   0.0489272   0.0489228   0.0489155   0.0489042   0.0488875   0.0488631   0.0488277   0.0487756    0.048696
  0.0439445   0.0439423   0.0439375   0.0439295   0.0439173   0.0438992   0.0438728   0.0438345   0.0437782   0.0436922
  0.0388426   0.0388402    0.038835   0.0388264   0.0388132   0.0387937   0.0387653   0.0387241   0.0386636   0.0385713
  0.0336352   0.0336326   0.0336271   0.0336179   0.0336037   0.0335829   0.0335525   0.0335085   0.0334439   0.0333453
  0.0283352   0.0283324   0.0283265   0.0283167   0.0283017   0.0282794   0.0282472   0.0282004   0.0281318   0.0280271
   0.022956    0.022953   0.0229468   0.0229364   0.0229204   0.0228969   0.0228628   0.0228134   0.0227408   0.0226303
  0.0175118   0.0175087   0.0175022   0.0174912   0.0174744   0.0174496   0.0174137   0.0173617   0.0172854   0.0171692
  0.0120177   0.0120144   0.0120075    0.011996   0.0119784   0.0119524   0.0119148   0.0118603   0.0117805   0.0116588
 0.00648885  0.00648546  0.00647822  0.00646619  0.00644781  0.00642074   0.0063815  0.00632473  0.00624151  0.00611479
0.000941212 0.000937682 0.000930155 0.000917646 0.000898549 0.000870439 0.000829701 0.000770779 0.000684431 0.000552964