0.000749533 0.000742907 0.000729524 0.000709112 0.000681229 0.000645203 0.000599993 0.000543882 0.000473722 0.000382813 0.000253989 0.000176788 0.000125132 8.86498e-05 6.21512e-05 4.25669e-05 2.78579e-05 1.65596e-05 7.56305e-06           0
0.000654051  0.00064761 0.000634614 0.000614831 0.000587892 0.000553263 0.000510185 0.000457578 0.000393982 0.000317998 0.000232172 0.000167301 0.000120196 8.57941e-05 6.04064e-05 4.14809e-05 2.71928e-05 1.61812e-05 7.39458e-06           0
0.000564759 0.000558674 0.000546421  0.00052783 0.000502652 0.000470565 0.000431191 0.000384179 0.000329481 0.000268227 0.000205161 0.000152524 0.000111639 8.05891e-05  5.7146e-05 3.94241e-05 2.59236e-05 1.54561e-05 7.07096e-06           0
0.000482566 0.000476972 0.000465732 0.000448751 0.000425911 0.000397097 0.000362272 0.000321614 0.000275817 0.000226685 0.000178014 0.000135516 0.000100931 7.37486e-05 5.27359e-05 3.65938e-05 2.41586e-05 1.44414e-05 6.61656e-06           0
0.000408026 0.000403009 0.000392957 0.000377841 0.000357654 0.000332452 0.000302429 0.000268054 0.000230281 0.000190838  0.00015241 0.000118081 8.92574e-05  6.5971e-05 4.75807e-05 3.32247e-05 2.20328e-05 1.32103e-05   6.063e-06           0
0.000341373 0.000336976  0.00032819  0.00031504 0.000297602 0.000276039 0.000250676 0.000222095 0.000191251 0.000159581 0.000128954 0.000101234 7.74598e-05 5.78389e-05 4.20564e-05 2.95514e-05 1.96875e-05 1.18417e-05 5.44495e-06           0
0.000282573   0.0002788 0.000271279 0.000260073 0.000245307 0.000227202 0.000206134 0.000182685 0.000157706 0.000132328 0.000107867 8.55394e-05 6.61027e-05  4.9796e-05  3.6477e-05 2.57832e-05 1.72548e-05 1.04113e-05 4.79628e-06           0
0.000231378 0.000228202 0.000221886 0.000212512 0.000200229 0.000185279 0.000168031 0.000149016 0.000128946 0.000108693 8.91975e-05 7.12965e-05 5.55431e-05 4.21571e-05 3.10846e-05 2.20915e-05 1.48471e-05 8.98585e-06 4.14718e-06           0
0.000187378 0.000184752 0.000179539 0.000171831 0.000161778 0.000149615 0.000135679 0.000120428 0.000104436 8.83671e-05 7.29044e-05 5.86425e-05 4.59887e-05 3.51285e-05 2.60512e-05  1.8605e-05 1.25529e-05 7.61902e-06 3.52246e-06           0
0.000150046 0.000147909 0.000143678 0.000137438 0.000129332 0.000119574 0.000108455 9.63521e-05 8.37206e-05  7.1064e-05 5.88827e-05 4.76072e-05 3.75396e-05 2.88298e-05  2.1487e-05 1.54122e-05 1.04356e-05 6.35047e-06 2.94069e-06           0
0.000118777 0.000117067 0.000113684 0.000108707 0.000102265 9.45388e-05 8.57731e-05 7.62715e-05 6.63879e-05 5.65024e-05 4.69839e-05 3.81476e-05  3.0218e-05 2.33134e-05 1.74508e-05 1.25651e-05  8.5348e-06  5.2061e-06 2.41431e-06           0
9.29279e-05 9.15787e-05 8.89134e-05 8.50009e-05 7.99495e-05  7.3911e-05 6.70828e-05 5.97044e-05 5.20477e-05 4.43983e-05 3.70287e-05 3.01705e-05 2.39908e-05 1.85814e-05 1.39608e-05 1.00861e-05 6.87022e-06 4.19965e-06 1.95016e-06           0
7.18387e-05 7.07896e-05 6.87195e-05 6.56857e-05 6.17775e-05 5.71175e-05 5.18617e-05 4.61958e-05 4.03264e-05 3.44667e-05 2.88177e-05 2.35498e-05 1.87871e-05 1.45996e-05 1.10046e-05 7.97381e-06 5.44499e-06 3.33476e-06 1.55038e-06           0
5.48614e-05 5.40571e-05 5.24714e-05 5.01508e-05 4.71666e-05 4.36154e-05 3.96185e-05 3.53174e-05 3.08673e-05 2.64263e-05 2.21423e-05 1.81402e-05 1.45115e-05 1.13094e-05  8.5485e-06 6.21012e-06 4.24999e-06 2.60729e-06 1.21345e-06           0
4.13776e-05 4.07695e-05 3.95714e-05 3.78199e-05 3.55709e-05 3.28989e-05 2.98962e-05 2.66695e-05 2.33339e-05 2.00059e-05 1.67934e-05 1.37876e-05 1.10558e-05 8.63756e-06 6.54483e-06 4.76529e-06 3.26753e-06 2.00757e-06 9.35228e-07           0
3.08129e-05 3.03594e-05 2.94664e-05 2.81621e-05 2.64893e-05 2.45044e-05 2.22767e-05 1.98852e-05 1.74146e-05 1.49497e-05  1.2569e-05 1.03384e-05   8.307e-06 6.50389e-06 4.93858e-06  3.6029e-06 2.47472e-06 1.52249e-06 7.09849e-07           0
2.26465e-05 2.23129e-05 2.16564e-05 2.06983e-05 1.94706e-05 1.80153e-05 1.63836e-05 1.46333e-05  1.2826e-05 1.10228e-05 9.28015e-06 7.64549e-06 6.15408e-06 4.82726e-06 3.67226e-06 2.68372e-06 1.84615e-06 1.13712e-06 5.30568e-07           0
1.64165e-05 1.61746e-05 1.56988e-05 1.50048e-05 1.41163e-05 1.30639e-05 1.18848e-05 1.06207e-05  9.3159e-06 8.01396e-06 6.75504e-06 5.57291e-06 4.49271e-06 3.52978e-06 2.68958e-06 1.96856e-06 1.35599e-06 8.36073e-07 3.90361e-07           0
1.17218e-05 1.15491e-05 1.12095e-05 1.07145e-05 1.00811e-05 9.33137e-06 8.49187e-06 7.59231e-06 6.66391e-06 5.73746e-06 4.84118e-06 3.99879e-06   3.228e-06 2.53972e-06 1.93791e-06 1.42029e-06 9.79468e-07 6.04468e-07  2.8239e-07           0
8.21995e-06 8.09892e-06 7.86097e-06 7.51422e-06 7.07072e-06 6.54607e-06 5.95888e-06 5.32989e-06 4.68083e-06 4.03304e-06 3.40607e-06 2.81632e-06 2.27607e-06 1.79294e-06 1.36975e-06 1.00505e-06 6.93809e-07 4.28516e-07 2.00292e-07           0
5.62274e-06    5.54e-06 5.37736e-06 5.14043e-06 4.83751e-06  4.4793e-06 4.07854e-06 3.64937e-06 3.20653e-06 2.76451e-06 2.33651e-06 1.93365e-06 1.56424e-06 1.23347e-06 9.43311e-07 6.92828e-07 4.78686e-07  2.9585e-07 1.38342e-07           0
3.68941e-06 3.63515e-06 3.52851e-06  3.3732e-06 3.17469e-06 2.94003e-06 2.67756e-06 2.39653e-06 2.10657e-06 1.81711e-06 1.53673e-06 1.27268e-06 1.03036e-06 8.13158e-07 6.22395e-07 4.57491e-07 3.16309e-07 1.95601e-07 9.14972e-08           0
2.21857e-06 2.18596e-06 2.12187e-06 2.02856e-06 1.90931e-06 1.76837e-06 1.61076e-06 1.44203e-06 1.26795e-06 1.09414e-06 9.25743e-07 7.67082e-07 6.21394e-07  4.9071e-07 3.75828e-07 2.76417e-07 1.91215e-07 1.18294e-07 5.53494e-08           0
1.03903e-06 1.02376e-06  9.9376e-07  9.5008e-07 8.94269e-07 8.28316e-07  7.5457e-07 6.75625e-07 5.94174e-07 5.12848e-07 4.34044e-07 3.59773e-07 2.91551e-07 2.30325e-07 1.76472e-07 1.29841e-07 8.98491e-08 5.55987e-08 2.60188e-08           0
          0           0           0           0           0           0           0           0           0           0           0           0           0           0           0           0           0           0           0           0