 2.98496e-12  2.98496e-12  2.98496e-12  2.98496e-12  2.98428e-12  4.61564e-16  4.70794e-20  3.67314e-24   2.5498e-28            0
 3.26443e-13  3.26443e-13  3.26443e-13  3.26443e-13  3.26349e-13  6.33209e-17  7.66795e-21 -1.00052e-24 -2.21235e-28            0
 2.34084e-14  2.34084e-14  2.34084e-14  2.34084e-14  2.34003e-14  5.44637e-18  7.66622e-22 -3.65973e-23 -4.34885e-27            0
 1.35998e-15  1.35998e-15  1.35998e-15  1.35998e-15  1.35943e-15  3.68812e-19  5.41505e-23 -1.40376e-22 -3.28813e-26            0
 6.94961e-17  6.94962e-17  6.94962e-17  6.94961e-17   6.9464e-17   2.1302e-20  -1.7782e-22  1.80131e-21  1.47772e-25            0
  3.2555e-18  3.25631e-18  3.25568e-18   3.2556e-18  3.25368e-18  1.12442e-21 -6.25892e-24   6.2409e-20  2.58671e-24            0
 1.43158e-19  1.42116e-19  1.41731e-19  1.43325e-19  1.43102e-19  5.32767e-23 -9.65434e-23  2.38855e-21  6.62363e-26            0
 4.95728e-21  7.32017e-21  6.49198e-21   5.9759e-21  6.00104e-21 -6.45789e-23 -3.98155e-22  6.70044e-23   4.4298e-27            0
 2.19341e-22  2.71023e-22  2.59835e-22 -5.84548e-22  2.80944e-22  1.40198e-24 -1.33573e-23 -1.29963e-22  -2.9503e-28            0
  1.0159e-23 -6.97387e-23 -1.75761e-22  2.56023e-22 -1.29758e-22  4.28526e-25 -6.65822e-23  4.28203e-23 -2.55398e-28            0
 4.39871e-23  -2.4651e-21 -1.87134e-22   1.1781e-23 -3.90609e-24  1.36696e-23  1.37093e-22  6.85755e-24  5.22915e-28            0
 1.48936e-21 -6.23734e-22  4.57244e-22  1.18329e-24 -7.50695e-25   -3.056e-24  2.42873e-22  3.42017e-22  -9.1114e-29            0
   2.822e-23 -2.23741e-22 -2.92305e-23  2.50124e-23 -4.00279e-23 -9.44923e-26 -2.20416e-24  4.39453e-24 -1.40718e-28            0
 -1.3287e-22  4.65624e-22 -1.06956e-21  2.80526e-23  2.25578e-26 -1.13028e-25  1.07499e-24 -7.96871e-23 -1.12903e-26            0
-3.47035e-23 -1.10397e-21 -4.78016e-22  7.50498e-24 -1.84029e-24 -3.76833e-24  2.41727e-22  -2.8312e-21 -2.64844e-25            0
-1.04628e-21  7.70509e-22 -1.00255e-21 -5.68717e-24 -1.50283e-24 -1.28399e-22  5.72625e-24 -3.13596e-20 -1.33812e-24            0
-6.57333e-23  1.25611e-23 -3.82178e-23 -3.59978e-22 -1.11139e-22  1.86796e-22  7.43425e-23   3.2931e-21  1.39055e-25            0
-2.06881e-22 -9.88604e-22 -2.90693e-22 -1.01616e-23  3.22471e-24 -1.61041e-22 -6.91241e-24  1.44251e-19  1.48407e-24            0
 3.14627e-23 -1.07195e-21 -5.31135e-23 -2.79973e-22 -6.24394e-23 -4.87096e-24 -2.90253e-22  3.92668e-21  2.06692e-25            0
 1.28612e-21 -7.97968e-22  8.13801e-24   6.7105e-23 -3.55144e-23  -3.0539e-23 -8.62879e-23   9.7487e-23   9.5419e-27            0
 3.54751e-23 -1.85784e-23  5.14422e-24 -2.53439e-22 -6.52334e-23 -2.10545e-24   -9.078e-25 -1.90868e-22 -7.06936e-27            0
 4.99208e-25  3.00637e-24  1.76952e-22  2.15031e-22  4.88271e-23 -6.43182e-25  2.68602e-23  -8.3653e-23 -1.51301e-27            0
-2.61723e-23  3.60982e-22   3.5737e-22 -1.92692e-24  -5.3505e-25 -2.05904e-23  4.12755e-23   4.0845e-24 -1.47708e-28            0
-8.92968e-22  1.50674e-21 -3.68165e-23 -1.14531e-23  -1.5788e-24 -1.01678e-24 -5.31209e-24  3.13891e-22  1.60908e-26            0
-2.49803e-24 -2.35621e-23 -2.61571e-23 -6.48369e-23 -8.74375e-23 -3.62354e-26 -1.98025e-24 -5.22301e-24 -3.41632e-28            0
  2.7503e-22 -2.88727e-22 -6.79169e-22 -1.89253e-22 -2.50087e-24 -1.18277e-25  7.62517e-24 -2.52718e-22 -2.35953e-26            0
 6.94417e-24 -1.06887e-21  3.22495e-22 -9.46536e-24 -5.73558e-25 -3.94984e-24  2.04161e-22 -8.50875e-21 -4.44495e-25            0
-3.18952e-23 -7.24847e-22  8.64298e-23   9.8019e-24 -5.70606e-25 -1.34789e-22 -5.91287e-26 -1.56433e-19 -6.50358e-24            0
 2.11442e-23 -1.35519e-23   6.3845e-24  -6.4172e-23 -8.72234e-23   9.3603e-23  1.26152e-23  2.55036e-21  2.85967e-25            0
  3.3537e-22 -8.27419e-22 -1.90422e-23 -2.78802e-22 -2.06151e-23 -7.40299e-25  1.34648e-23  2.42992e-19  1.26002e-23            0
 2.22459e-23  3.17277e-22  2.49928e-22 -9.48317e-23  1.48299e-24 -1.10572e-24 -1.15159e-23   9.4829e-21  7.70325e-25            0
 4.19489e-22  3.52973e-22  1.21892e-23  2.88783e-22 -1.03864e-23 -1.55063e-23  6.72788e-23  2.73701e-22  3.39735e-26            0
 3.34295e-23  5.44522e-24  2.07682e-23 -4.17337e-22 -2.00014e-23   -6.127e-25 -1.18974e-24 -5.86833e-23   1.2663e-28            0
 1.68983e-24  1.12432e-24  6.91115e-22 -3.90275e-22 -6.03145e-23  6.79275e-24  1.03563e-23 -3.21668e-25 -1.82572e-27            0
 1.57731e-23 -5.06361e-22 -7.82307e-22 -1.11504e-23 -5.66667e-25  2.31524e-22 -1.42372e-22  5.64626e-24  3.26936e-28            0
 5.34983e-22   1.8691e-22   1.6244e-23 -8.60515e-25 -2.46302e-24  5.37753e-24 -2.76913e-22  1.73058e-22  7.89843e-27            0
 3.97858e-23  2.37904e-24 -3.65608e-23 -3.21573e-23 -9.13884e-23   1.5253e-25 -7.56729e-24  3.88422e-24  1.05019e-27            0
 1.22225e-21 -8.20654e-22 -8.91133e-22   4.4882e-22 -4.45418e-23 -9.52468e-26  2.43488e-24  1.26066e-22  1.60573e-26            0
 3.84772e-23  3.57541e-22 -3.94214e-22  1.11076e-23 -2.40919e-24 -3.34969e-24  8.44499e-23  4.16869e-21  3.72359e-25            0
 8.50563e-23  1.01159e-21  4.66013e-22 -2.79558e-24  -1.3912e-24 -1.13702e-22  7.76242e-24  1.51807e-20  6.24198e-25            0
-1.62145e-23  2.03268e-22  2.44404e-23 -2.09147e-22 -7.80885e-23 -3.53206e-23  4.14933e-23 -1.52729e-21 -4.79118e-26            0
-2.87774e-22  1.80768e-22   3.7001e-22 -8.74158e-23  1.96971e-23  2.79575e-23 -1.00229e-23 -6.68173e-20 -5.93462e-26            0
 1.94278e-23  3.37945e-22 -1.87171e-22 -1.02672e-24  2.31786e-23  -2.1151e-25 -2.06723e-22 -1.63269e-21  -6.9364e-26            0
 9.47246e-22   4.3456e-22  -1.2963e-23 -1.51682e-22  2.98684e-24 -1.86119e-23  2.61133e-22 -5.47503e-23 -4.62213e-27            0
 1.32984e-23  1.00599e-23 -2.77151e-23 -3.14751e-22 -6.83091e-23 -1.96383e-24   1.3408e-24 -2.62242e-22 -7.28416e-27            0
 6.12977e-25  -4.9815e-24 -9.27051e-22 -1.16941e-22  6.47403e-23  1.50369e-26 -9.69406e-24  4.65199e-23  4.26946e-27            0
 1.46266e-23 -3.45506e-22  6.50129e-22  7.09636e-25  1.06138e-24   2.5537e-24 -5.31001e-23  6.30171e-24  4.30949e-28            0
 4.99679e-22 -5.70261e-23  2.45975e-22  9.50504e-25 -1.70754e-24  2.61023e-25  2.56358e-22 -2.80971e-23  3.89971e-27            0
 2.31237e-23 -1.41593e-23  8.96993e-24 -2.45398e-23 -4.61284e-23 -2.66061e-26   2.9492e-24  3.85001e-24  1.24935e-28            0
  4.5456e-22 -9.39766e-22  1.16167e-22 -2.69477e-22 -2.14052e-23 -5.43782e-25 -4.60081e-25  -6.1993e-23  -3.3954e-27            0
-7.14385e-24 -5.56268e-22 -5.88623e-23 -3.03959e-24  2.79592e-23  1.34732e-26  7.54361e-23 -2.09246e-21 -2.89235e-26            0
-6.96919e-22  8.14521e-22 -4.72868e-22 -3.38667e-24  6.99361e-25  1.66012e-24  9.50328e-25  1.41409e-20  5.81346e-25            0
-1.01466e-23  6.96443e-22 -2.08504e-23  2.35435e-23  9.18027e-25  5.66406e-23 -7.78062e-24  5.47395e-21  4.14043e-25            0
 -6.1608e-22   1.3524e-21  2.74136e-22   1.5911e-25  8.61748e-25  2.70888e-24  6.47236e-24  1.72636e-19  5.81029e-24            0
 5.14849e-24 -3.21646e-22  5.91852e-22  6.70561e-24 -2.93634e-24   3.1675e-24 -2.69687e-24  4.82426e-21  3.68679e-25            0
 7.91528e-22  2.89419e-22  9.18221e-23  -1.0249e-24 -1.24711e-22  8.36726e-23   1.3263e-22  1.44213e-22  1.71016e-26            0
 2.83518e-23 -6.81572e-25  2.38983e-24 -7.51521e-24 -3.71146e-24  1.54977e-24  8.23404e-24    1.844e-22  5.90585e-27            0
 1.00283e-24  7.41996e-24  5.35541e-24 -1.52673e-22 -4.05926e-23  3.29224e-25   1.6019e-22 -9.61775e-23 -4.08499e-27            0
 4.94697e-24  5.49495e-22   2.6535e-22 -8.78435e-25 -2.60106e-24  9.18398e-24 -1.27665e-22 -1.63504e-24 -3.54013e-28            0
 1.63268e-22  1.57594e-22  2.59254e-22 -3.74557e-24 -2.19236e-24 -2.39247e-26   7.9663e-24  8.99019e-23  6.48714e-27            0
 4.17781e-24  4.60805e-22  1.09362e-23 -1.75146e-22 -7.85157e-23 -3.54324e-27 -4.25995e-24 -1.75083e-24 -1.36545e-28            0
 3.22688e-22 -3.07097e-23  -2.7355e-22 -1.32761e-22 -4.25991e-25  3.43512e-27 -1.49021e-24 -6.32517e-23 -4.83443e-27            0
-6.40496e-24  5.48869e-22 -8.12995e-23  6.67512e-25  9.75496e-25  9.59344e-26 -4.72402e-23 -2.07534e-21  -7.4279e-26            0
-5.43873e-22  -1.1131e-22  1.98525e-22  3.08211e-24 -3.35638e-25  3.28078e-24 -4.96673e-25  -1.3429e-20 -5.67728e-25            0
 6.63927e-23  1.62016e-23  6.92108e-25   2.5764e-24 -4.65212e-24 -2.77653e-23  6.11629e-23  3.66154e-22  1.20579e-26            0
 5.85144e-22  1.70514e-22 -8.28545e-23  9.14588e-23 -3.68593e-24 -1.30874e-24  4.84659e-24   2.6037e-20  4.72781e-25            0
 2.15338e-23 -5.39788e-22  1.81045e-22   3.7993e-23 -5.98352e-25  5.34519e-25  1.01719e-22 -1.79908e-21 -5.88621e-26            0
 1.49618e-22 -3.24443e-22  4.86566e-24  1.33664e-22 -6.72668e-24  4.65241e-23  3.13693e-23 -5.14017e-23 -3.74339e-27            0
 1.40731e-23  -7.8818e-24  -2.7718e-24 -7.94448e-23 -2.47723e-23  8.63376e-25  2.39876e-24  6.44846e-23   1.8423e-27            0
 1.30143e-25 -2.29166e-24  -9.7796e-23  7.86171e-23  1.16943e-23 -1.39688e-24  1.00632e-23 -1.54323e-23 -6.74151e-28            0
-8.38451e-24 -8.39039e-23 -5.44013e-23   1.6972e-24 -5.33045e-26 -4.83765e-23   6.7281e-23  7.16428e-25 -3.65748e-29            0
-2.84856e-22 -8.65074e-23 -9.12258e-23 -3.29261e-24 -3.55506e-25 -7.14648e-25 -5.16403e-23  5.83881e-23  2.57717e-27            0
-8.96352e-24 -1.56012e-22 -3.19732e-24 -4.88331e-23  -1.7351e-23 -2.22698e-26  5.43843e-26  -2.0265e-24 -9.58967e-29            0
-7.26056e-23 -1.67119e-22  1.33071e-22   2.0894e-23 -5.61646e-24 -1.91033e-26 -2.93639e-25 -2.04867e-23 -2.44621e-27            0
-2.65652e-24 -1.26603e-22  9.26891e-24   1.4024e-24 -2.01561e-25 -6.16792e-25  3.00205e-24 -7.08385e-22  -5.4128e-26            0
-1.63516e-23  1.37568e-22 -1.83572e-23 -8.83881e-25 -3.39464e-26 -2.09754e-23 -6.73056e-26 -9.26216e-21 -3.92606e-25            0
 -2.2537e-24   1.0363e-23  2.90462e-25  2.17172e-23 -2.72626e-24 -3.81438e-24 -1.10578e-23 -1.32231e-21 -1.17998e-25            0
 1.02853e-23  1.78456e-22  1.41108e-24 -6.90462e-23 -8.57458e-25 -1.26047e-25 -2.87116e-24 -3.54812e-20 -1.73418e-24            0
-2.36721e-25  8.85192e-23  -5.8538e-24  9.61824e-24  3.77018e-26 -3.21438e-25  1.24492e-24  -1.4739e-21 -1.13317e-25            0
-1.83326e-23 -8.88775e-23  3.87713e-24   2.5116e-23  1.43837e-24 -9.43153e-24  2.35475e-23 -4.45202e-23 -5.21764e-27            0
 -6.6224e-25 -2.04014e-24  1.37498e-25  1.02223e-23 -9.51542e-26 -2.97375e-25  8.36609e-25 -7.38848e-24 -4.69518e-28            0
 7.05829e-27 -5.13795e-25  1.44972e-24  7.27991e-25 -3.17702e-25  1.18946e-25  4.85386e-24 -1.02915e-23 -3.33031e-28            0
 1.22608e-24 -3.12545e-23 -6.66183e-24  3.12772e-25  2.17302e-26  4.34462e-24  3.29379e-24 -1.66236e-25 -2.94904e-30            0
 4.16977e-23 -2.00715e-23  1.78347e-23 -1.58374e-25  1.42739e-25 -5.93289e-26  3.88407e-24  1.18454e-24   7.6818e-29            0
 7.84504e-25 -2.34571e-23 -1.10816e-24  5.18229e-24  7.43421e-24  5.30589e-27 -1.62597e-25  -1.6976e-26 -3.04151e-30            0
 9.06968e-24 -9.82097e-26 -3.04054e-23  9.52957e-24  1.56796e-24  2.28088e-25  2.53367e-25 -2.28972e-24 -8.07169e-29            0
-6.76284e-25  2.31791e-23  3.22528e-23 -3.10175e-26 -4.39647e-27  7.72373e-24  6.23169e-24 -6.79531e-23   4.5513e-28            0
-3.24944e-23 -9.29222e-24   8.8583e-26  1.74111e-24  -1.5909e-25  1.59141e-23 -1.58915e-26  1.89653e-20  7.87883e-25            0
  2.3153e-24  1.04024e-25 -3.96026e-24  6.02742e-23  1.95472e-24  1.54565e-23  -3.6608e-23  8.28408e-22  4.95962e-26            0
  6.0809e-23    2.497e-24 -1.35707e-22  -3.1596e-23  5.46157e-24 -1.00806e-25 -1.99002e-23  9.22263e-21 -2.68749e-25            0
 8.19595e-25   3.9415e-23  2.05297e-23  -2.0723e-24 -9.31239e-26 -7.69972e-25  2.95219e-24   1.6759e-22 -9.94368e-28            0
-3.37531e-23 -1.48161e-23 -4.77722e-23 -1.40607e-24  2.44986e-26 -2.83704e-23 -6.86885e-23  6.86372e-24  2.97082e-28            0
 3.02468e-24  2.00369e-24 -1.96779e-24 -3.96739e-23  9.04902e-25  2.91996e-23 -2.24275e-24  2.90748e-23    1.305e-27            0
-1.96595e-25  7.38171e-24 -9.80742e-24 -7.77358e-23  1.85963e-23  1.79768e-25  1.54912e-23  1.20081e-23    8.433e-28            0
-8.63584e-24  7.64646e-23  7.85672e-23 -3.74115e-25  6.09576e-25  1.11217e-23 -5.55591e-23 -9.52925e-23 -3.88624e-27            0
-2.93067e-22 -1.33933e-22  2.18484e-24  8.01545e-25 -5.98417e-25 -7.85988e-23 -3.65723e-23 -8.11914e-23  -4.8225e-27            0
 7.23354e-24 -5.91941e-24  7.10357e-24   6.3651e-23 -5.11458e-24 -3.09339e-24   7.1092e-23  -9.6901e-24 -3.59861e-28            0
 2.67996e-22  5.93754e-24  3.09696e-23  1.04801e-24 -5.56374e-25  -2.4621e-24 -1.88517e-25  5.41072e-23  3.65487e-27            0
 1.91551e-23  3.49762e-22   2.1142e-22  4.17436e-25  1.45213e-25 -8.18866e-23 -5.42718e-23  1.79938e-21   4.7561e-26            0
 3.81393e-22 -1.68495e-25  7.93091e-25 -4.24712e-25 -6.15596e-26 -7.58107e-23 -5.98434e-24 -1.95157e-20 -8.12564e-25            0
 1.80298e-23 -1.42757e-24  6.15299e-24  2.52824e-23  5.63638e-24  4.56004e-23 -1.38005e-22 -1.43864e-21 -6.56496e-26            0
 3.40199e-22  1.05964e-23  1.85905e-22  4.65301e-23  1.09809e-23  1.08441e-24  5.88373e-23  -2.9253e-20  6.27983e-25            0
 1.60045e-23  2.62719e-22  1.78247e-23 -2.11378e-24  4.29643e-25 -6.59652e-25 -7.29671e-23 -5.06686e-22 -2.75616e-27            0
 2.03243e-22 -2.86432e-22  1.99671e-23 -2.96256e-24  4.25104e-26 -2.02471e-23 -1.69521e-22 -1.20032e-23  -6.0897e-28            0
 1.03839e-23 -2.39101e-24  1.22401e-23 -1.01285e-22  1.01906e-24  3.68317e-23 -5.49965e-24 -2.06453e-23 -2.44689e-28            0
-5.48059e-26 -3.63533e-24  2.88608e-22 -2.01118e-25  2.95558e-23 -5.24791e-24  -5.6064e-23 -1.13928e-22 -5.96376e-27            0
-1.72961e-23 -1.84452e-22  5.95667e-22 -4.34318e-24  7.57768e-25 -7.83585e-23 -2.89469e-23 -1.90449e-23 -2.35315e-27            0
-5.86318e-22   5.5362e-23  7.01548e-24  9.99663e-24  1.18779e-24  3.05272e-23 -5.29798e-23 -1.36542e-22 -4.01026e-27            0
-2.13868e-23  9.85511e-25 -1.20088e-23  2.07558e-22  3.23894e-23  2.42408e-24  -1.1257e-23  1.24202e-23  5.64122e-28            0
-8.41119e-23  -2.5033e-23 -2.04386e-22  2.13687e-22   1.1339e-23 -2.00427e-23 -3.68679e-25  8.11681e-23  8.23582e-27            0
-5.36245e-24 -9.48437e-22  1.91273e-22 -2.29488e-24 -1.82478e-26  1.02327e-22 -5.69997e-23  2.80443e-21  1.63456e-25            0
-9.39387e-23 -7.21057e-22 -2.49496e-24  4.08555e-24 -6.46981e-25  1.59023e-22  1.24175e-23  6.64442e-20  2.77052e-24            0
 1.40051e-23 -1.44931e-23  1.58428e-25  1.55318e-22  2.08056e-23  4.12557e-23  2.91158e-22  4.18126e-21  3.02356e-25            0
 3.40053e-22 -3.05914e-24 -1.80532e-22 -1.01472e-22  2.16829e-23  2.44833e-25 -9.49758e-23  7.55484e-20  1.60666e-24            0
 3.65746e-23 -5.62386e-22 -1.18724e-22  2.02316e-24  6.61025e-25 -2.54334e-24 -1.61937e-22  -4.4949e-23  4.49669e-26            0
 9.03435e-22  2.05512e-22  2.72669e-22  5.28285e-24  3.48441e-26 -7.06776e-23 -1.60361e-22 -5.73106e-24  8.19828e-28            0
 2.61158e-23  -1.0388e-23 -2.67178e-24  1.62662e-22  6.52955e-25 -7.88402e-23 -1.44925e-23 -2.27411e-22 -6.36248e-27            0
 5.85378e-25 -3.52752e-24 -2.90445e-22 -2.35346e-22  2.66475e-23 -9.67125e-25 -3.89579e-23  3.90467e-23   2.7706e-27            0
 4.77064e-24 -1.62574e-23 -1.94533e-22 -7.49607e-24  1.80077e-24  2.30117e-23   -1.069e-22 -2.04614e-24  -1.4459e-28            0
 1.63302e-22 -1.05856e-22 -1.47287e-24 -3.00841e-25  1.14865e-25  9.06734e-23  1.59911e-22 -7.58137e-23 -4.41341e-27            0
 6.34577e-25 -3.15559e-25   1.1358e-23  5.77896e-23  3.38799e-23  1.09857e-25  2.80588e-23  2.86933e-24 -1.31111e-28            0
-2.30801e-22 -1.03649e-23  5.58999e-24  5.09872e-24 -3.73727e-23 -2.32074e-23  6.29026e-24 -8.13669e-23 -4.54589e-27            0
 6.43967e-24 -1.74159e-22  1.90472e-22 -3.61989e-25  3.95839e-25 -1.12859e-22 -8.34988e-24 -2.90747e-21 -4.18617e-26            0
 4.50746e-22 -2.35058e-22  1.34783e-23  2.59366e-24  3.57167e-25  3.65635e-23 -7.79096e-24 -3.71907e-20 -1.52148e-24            0
 1.13439e-23 -1.44983e-23 -3.12085e-24  3.20725e-22  2.18545e-23  3.80276e-23 -5.10531e-23 -3.30835e-22  3.14526e-26            0
-2.29941e-23 -1.10129e-23 -5.45688e-22   7.9383e-23 -3.32166e-24 -2.21452e-24 -4.51209e-23  2.51348e-20  2.99485e-24            0
 2.47351e-23  3.84125e-22  1.56899e-22  4.04962e-25  -2.3698e-26  1.31459e-25  5.29883e-23   4.0257e-23  8.83293e-26            0
 8.65557e-22  8.55808e-22 -4.22272e-23 -1.59599e-23   3.8682e-26 -3.13712e-24 -1.25314e-22  3.55243e-24  2.68902e-27            0
  3.4741e-23  8.08445e-24  2.02231e-23 -4.63629e-22  1.27727e-24  1.35701e-22 -9.71086e-24 -6.49452e-23  4.46624e-28            0
 1.29023e-24  2.29047e-25  7.14897e-22  7.84486e-23  4.53452e-23 -1.04849e-25 -1.14217e-22  1.94504e-22  1.00152e-26            0
 -2.1838e-23  3.84042e-22 -1.64678e-23  4.31675e-24   -2.373e-26  7.37584e-24  1.97235e-22 -6.24179e-25  3.39401e-28            0
-7.44161e-22  7.30164e-22  1.83116e-23  1.05588e-23  1.00242e-24  1.75871e-23  1.74158e-22 -2.07609e-22 -1.11714e-26            0
-5.99753e-24  1.06787e-23  8.15082e-24 -4.48282e-23   5.8299e-23  1.53584e-24  1.37309e-23 -1.16728e-24 -4.36392e-28            0
-1.54093e-22 -3.18719e-23  1.77245e-23  -9.7913e-23  2.97462e-23 -5.48839e-23 -3.40121e-24 -4.11519e-23 -1.54135e-27            0
-2.50112e-23 -1.13457e-21  1.53252e-22  -7.2405e-24  3.94132e-26 -1.75141e-24   9.8292e-25 -1.38995e-21  4.09381e-27            0
-6.92705e-22  4.65978e-22  3.72569e-24  1.46552e-24  1.25935e-24  2.91271e-23  4.68628e-24  2.79227e-20  1.18355e-24            0
 -5.4694e-25  1.53846e-23 -1.04252e-23   1.5208e-22  7.72108e-23  1.65089e-22  1.17755e-22   2.1929e-21  1.90926e-25            0
 3.69278e-22  2.44841e-23 -1.42552e-22 -9.09877e-23  4.42023e-23  1.44667e-24   1.1508e-23  4.57296e-20  2.13326e-24            0
 9.16172e-24  7.08686e-22  4.37798e-22 -5.48163e-24  1.11079e-24  -2.4733e-24 -4.75059e-23  1.42717e-21  1.22121e-25            0
-6.80048e-23  1.40121e-21  2.71946e-22  -3.4175e-24  1.86706e-25 -1.18253e-22 -1.74821e-22  4.59879e-23   5.4617e-27            0
-1.00817e-23   4.3005e-23  1.02263e-23 -7.41542e-23  5.38987e-24  1.13355e-22 -1.03956e-23 -4.03687e-23  -4.0091e-27            0
-1.19584e-24   1.8992e-23  1.65761e-22 -8.28122e-23  1.09075e-22 -3.12155e-24  -9.1183e-24  2.45245e-23 -5.95739e-27            0
-1.94576e-23  1.10008e-21  1.24774e-22 -9.45776e-25  8.96827e-25 -1.13307e-22  2.01665e-22 -3.42909e-25  6.88864e-28            0
-6.64009e-22 -8.27805e-22  1.34799e-23  4.99108e-24  2.11476e-24 -1.62431e-24 -3.96663e-22  1.61252e-22  7.46338e-27            0
-3.40666e-24 -1.93445e-23  2.84756e-23  2.35337e-23  1.18852e-22  -1.2051e-25  7.80137e-23  1.70073e-23  1.58017e-27            0
  -1.713e-22  1.18995e-23  3.84387e-22  5.25985e-22 -2.36149e-23  -2.2348e-24  6.20379e-24  1.72213e-22   2.2497e-26            0
 2.73432e-23  1.77155e-22  -2.8969e-22  8.13411e-24 -1.57462e-24 -7.51802e-23 -2.32313e-25  5.77147e-21  5.18632e-25            0
 1.09964e-21  3.81535e-22  -3.1861e-24  1.99368e-23  3.83305e-24 -1.15118e-22   1.0428e-24  9.58207e-20  4.00563e-24            0
 1.43572e-23  1.46234e-23  1.38799e-23  2.90132e-22  1.03364e-22  9.82434e-23 -1.75445e-22  4.88916e-21   4.0058e-25            0
-4.25698e-23 -1.91307e-23  3.60902e-22  9.61053e-23  1.96599e-25 -6.47623e-25 -9.41911e-23  7.05213e-20  2.71886e-24            0
 1.52922e-23  -7.1575e-22 -1.71209e-23 -6.37588e-24  6.84694e-25 -7.23421e-25  -1.3629e-22  2.84931e-21  2.02148e-25            0
 5.59529e-22  -5.2322e-22  3.33787e-22 -1.68514e-23  9.27081e-26  -9.2962e-23 -1.92147e-22  8.55544e-23   9.1165e-27            0
-5.70584e-24 -2.54757e-24  1.87612e-23 -7.77929e-22  2.46823e-24 -1.58523e-23 -5.92501e-24  -2.5914e-22 -4.61282e-27            0
-1.24652e-24 -8.38106e-24  3.82863e-22  1.85858e-22  -8.0718e-25 -3.66002e-24 -4.69495e-23 -1.56963e-22 -7.52639e-27            0
-3.33077e-23    7.509e-24  4.86264e-22  7.81754e-24  7.57878e-24   4.2706e-23  5.86302e-23 -1.45443e-23 -8.17255e-28            0
-1.13299e-21   3.7934e-23  5.33247e-24  2.31298e-24 -6.56524e-25 -6.02125e-24  1.33653e-22 -3.15075e-22 -1.16364e-26            0
-2.95097e-23 -1.26501e-23   1.3895e-23 -6.27108e-23  3.40776e-26 -3.49237e-25  1.44137e-22  -8.5344e-24 -1.76196e-27            0
 4.74429e-22  2.38023e-24  -1.3453e-23 -2.65082e-22  5.34438e-24 -5.65909e-24  1.61397e-23 -1.76069e-22 -2.58027e-26            0
 5.43339e-23  6.62304e-22 -4.58207e-22  3.95735e-24  7.25499e-25 -1.97107e-22  1.63047e-23 -5.96266e-21 -6.33417e-25            0
 1.36706e-21 -5.41436e-22  3.86836e-24 -7.85083e-24  8.25815e-24  3.91935e-22 -3.74164e-25 -1.81797e-19 -7.58826e-24            0
 6.41154e-23 -1.17846e-23 -4.28633e-23 -3.59092e-23  3.59175e-22  1.24227e-22  3.26142e-22 -7.01823e-21 -5.69229e-25            0
 9.67243e-22  2.39722e-23 -1.44043e-21  1.17662e-22   4.2791e-23  4.43839e-24 -1.12417e-23 -5.70017e-20 -1.88997e-24            0
  4.6965e-23  1.40132e-21 -3.79153e-22  2.70817e-24  6.42266e-25 -5.67394e-24 -1.59751e-22  1.02316e-21 -1.82651e-26            0
 6.16939e-22  1.39002e-21  -2.9899e-23 -7.45632e-24  1.95198e-25 -1.77243e-22 -4.37926e-22  2.52921e-23   3.8916e-28            0
 3.68368e-23  4.56708e-23 -9.32159e-24  -2.9613e-22  6.49834e-24 -1.36215e-22   -2.312e-23 -3.62839e-22 -1.36442e-26            0
 7.56832e-25 -1.93666e-23 -3.16681e-22 -5.15411e-22  2.48407e-22 -3.87205e-24 -1.39585e-22 -1.34869e-22  1.99156e-27            0
 1.06965e-23  -1.0536e-21  1.39225e-22 -1.31869e-23  4.14714e-25 -1.56587e-23  2.75544e-22  6.52437e-24  8.69211e-28            0
 3.65018e-22 -4.08052e-22  7.04485e-24  5.52069e-24 -5.77814e-24 -1.31085e-24 -1.50303e-22 -1.42347e-22 -6.15151e-27            0
-2.47482e-23 -3.00782e-23   2.3585e-23 -7.45368e-23 -2.30789e-22  1.08918e-25 -5.66046e-23  -1.4711e-23 -1.45513e-27            0
 8.25059e-22  2.36187e-24   6.8608e-22 -1.15444e-22  1.46719e-23  6.97482e-24 -6.55684e-24  -1.8479e-22 -2.43957e-26            0
 4.11309e-23 -1.09482e-21  4.23788e-22 -4.71966e-24  1.14567e-24 -9.78448e-23 -1.39262e-22 -6.26303e-21 -5.71192e-25            0
 5.74724e-22 -1.17251e-21  1.84678e-23   8.7414e-24  3.98198e-25 -2.79476e-22 -3.13974e-23 -8.39069e-20  -3.4867e-24            0
-5.36518e-23 -3.02307e-23 -1.58599e-23   1.2378e-22 -3.76299e-23 -7.84363e-23 -7.33681e-22 -9.13357e-22 -4.14065e-26            0
-1.54807e-21  2.73928e-23 -1.41522e-21  -1.2132e-21  1.38672e-25  6.82348e-25 -2.24642e-22  5.24881e-20  3.31639e-24            0
-7.05028e-23  1.44192e-21  5.79962e-22 -1.25433e-23   6.4563e-25  1.14317e-24 -1.15561e-22  2.65006e-21  2.09905e-25            0
-8.64032e-22  1.98365e-22 -6.27243e-22  -6.2633e-24 -1.47036e-26  3.26921e-23  1.91229e-22  7.55427e-23  8.97567e-27            0
-4.48793e-23  1.68997e-23 -1.24093e-23 -3.82231e-22 -4.17192e-25 -8.42567e-23 -4.06706e-23 -2.97285e-22 -1.27317e-26            0
-1.72635e-24 -2.07627e-23  3.70765e-22 -3.58994e-23  1.59628e-23 -2.38045e-22  1.54048e-22   2.3764e-22  1.53483e-26            0
-1.08236e-23 -1.09085e-21 -3.39072e-22 -3.08033e-24 -5.27645e-23 -5.68674e-23  3.33912e-22  3.57559e-25  -6.8531e-28            0
-3.59971e-22  1.74214e-22    6.172e-22  1.07642e-23  3.65211e-24  1.13815e-22 -4.50361e-23 -2.34979e-22 -6.14724e-27            0
 7.53499e-24  7.21153e-24  4.78156e-23  3.14795e-23  6.87391e-23  1.28644e-24  -2.7942e-22  2.07947e-22   8.5953e-27            0
 5.94006e-22  8.65765e-24  3.50331e-23 -5.46104e-22 -9.22092e-24  2.12018e-22 -7.26946e-24  8.45318e-23  7.09325e-27            0
 6.53949e-23  3.70823e-22 -2.94321e-22 -3.73325e-24  1.50967e-22  9.23453e-23  4.00051e-23  2.66642e-21  1.12046e-25            0
 1.62102e-21   1.3229e-22  -2.2693e-22   6.4957e-25  3.93777e-24   1.5163e-22  4.94871e-25 -1.98236e-20 -8.12159e-25            0
 5.90827e-23  6.22092e-24  1.65246e-23  1.20998e-22 -6.72952e-23 -5.11889e-23  1.10972e-22 -9.87074e-22 -7.38919e-26            0
 1.34484e-21  4.24959e-23  1.68469e-22 -2.55279e-22  2.35175e-23  5.01284e-25 -5.93273e-24 -1.38348e-20 -3.34766e-25            0
 8.67206e-23  3.35167e-22  1.46271e-22 -4.64051e-24  2.70759e-26   3.0144e-24 -5.69173e-23 -2.15195e-21 -1.00755e-25            0
 1.59814e-21  9.58783e-22  7.18562e-22 -3.83182e-24  1.12671e-25  9.94593e-23 -1.93348e-22 -5.10608e-23 -4.91438e-27            0
 3.94596e-23  5.01406e-23  2.41007e-23  -2.2445e-22  3.74994e-24 -2.51582e-22 -9.22779e-24  8.50487e-23  1.94862e-27            0
 1.35521e-24 -1.98069e-23  4.12259e-22  3.39799e-23   8.0811e-23 -2.52492e-24 -2.17173e-22 -1.43328e-22 -7.32358e-27            0
 6.11299e-24 -5.51486e-22  1.10171e-22  8.44134e-24  2.49855e-24 -2.78076e-23  7.43565e-23 -1.87872e-24 -3.06474e-28            0
 2.09993e-22  3.64306e-22  2.35804e-23  1.91499e-23  3.70483e-25 -2.77951e-24 -8.14771e-23  2.94575e-23 -2.16962e-28            0
-6.87796e-25  5.23822e-25  3.15767e-23  2.57803e-22  1.20247e-23  1.32107e-25  6.69997e-23   5.7001e-24  7.13117e-29            0
-3.48368e-23  2.33446e-23 -1.83983e-22 -8.84567e-23 -3.76631e-23  7.25954e-24 -9.20603e-24 -1.75111e-24 -7.83957e-28            0
 2.90281e-23  6.86154e-22  9.70625e-22  9.73123e-26 -9.93886e-25  2.46409e-22 -1.94427e-22  3.22553e-23 -2.81254e-26            0
 1.01511e-21  5.49042e-22  2.35337e-23   9.2806e-24  -9.0758e-25  9.81834e-24 -8.81621e-24  4.94999e-20  2.07614e-24            0
 1.94685e-23 -6.40388e-24  4.21722e-24   2.0263e-22 -2.32663e-23  4.69963e-23  -7.2378e-23  5.46422e-21  4.06739e-25            0
 -2.3447e-22  -1.4786e-23   1.8967e-22 -6.81643e-25  4.51483e-23 -1.94966e-24  1.15012e-22  1.35834e-19  3.98785e-24            0
-4.36682e-23 -5.14664e-22 -2.84981e-22  4.46655e-24  1.92065e-24 -2.72832e-24 -1.27954e-22  2.82284e-21  2.34508e-25            0
-1.24822e-21 -2.60916e-22  1.16484e-22 -5.65292e-24  7.41839e-26 -2.52452e-25 -2.23586e-22  8.60553e-23  1.03486e-26            0
-2.18749e-23 -1.98254e-23  1.70668e-23 -3.28668e-22   8.4088e-25  5.17689e-23 -7.93237e-24 -4.44117e-23 -4.56899e-27            0
-8.80228e-25  3.88002e-23  8.79501e-22  1.09037e-23  1.44232e-23  4.48375e-25  5.77095e-23   1.5542e-22  6.54588e-27            0
 1.55561e-23  1.50373e-21  2.17831e-22    5.945e-24  1.74298e-24  1.32444e-24  -3.5014e-23  1.02992e-22  2.01912e-27            0
 5.20823e-22 -3.42121e-22  3.07153e-24 -4.15283e-24  -5.0564e-25  1.89533e-23  1.54359e-22 -1.36047e-22 -6.99691e-27            0
-8.19096e-24  5.55763e-24  1.14022e-23  1.78133e-24  1.90028e-23  3.91092e-24 -8.36229e-23 -8.03403e-23 -3.77998e-27            0
-2.82032e-22  1.61849e-23 -2.02379e-22 -4.63173e-22  2.71141e-23  7.32431e-23 -9.98506e-25 -2.58309e-23 -7.60399e-27            0
-5.83441e-24  9.11547e-22 -2.20361e-23 -3.31642e-24  7.96569e-25 -6.97189e-23  2.78685e-23 -7.23096e-22 -2.22214e-25            0
 7.70942e-23  3.14741e-22 -1.11748e-23  3.38165e-24  -6.8774e-26 -4.58693e-23 -3.42046e-24 -1.71496e-19 -7.14135e-24            0
  1.5888e-23 -2.93872e-26  7.43126e-24  1.74494e-22  2.24262e-23 -1.05418e-23  1.96199e-22 -8.65054e-21 -5.85651e-25            0
 5.37963e-22  1.02911e-23 -1.73724e-22 -4.97395e-24  4.34183e-23 -2.24396e-24  2.70668e-23 -1.22894e-19 -5.59363e-25            0
 1.43553e-23  1.59416e-22  1.46097e-22 -2.92219e-24  1.16568e-24  3.54027e-24 -2.26393e-23 -1.95289e-21 -1.02479e-25            0
-5.07926e-23  -3.9474e-22  1.10127e-22 -6.49741e-24  2.88795e-26  5.40959e-23  1.24157e-22 -6.22236e-23 -5.88317e-27            0
-9.19417e-24 -1.41905e-23  6.73245e-24 -2.12285e-22 -1.60447e-25 -4.00204e-23 -1.86841e-24 -2.04646e-22 -1.12763e-26            0
-2.33673e-25 -2.82011e-23  1.68995e-23  4.67541e-24 -1.50347e-23  -7.1587e-26 -5.32095e-23 -2.14118e-23 -6.09774e-27            0
 1.18172e-23 -5.19054e-22 -7.28252e-23 -4.81025e-24   7.2012e-25  2.65658e-23 -1.23257e-22 -9.09032e-24  -5.4138e-28            0
 4.07447e-22 -1.33037e-22  2.53518e-24 -9.63903e-25  9.19307e-25 -1.34012e-23  8.69425e-23 -1.67923e-22 -4.68681e-27            0
-1.63407e-23  2.62617e-25  1.60388e-23  6.32111e-24   2.2164e-23  7.48391e-25  4.84513e-23   8.9136e-25  2.95693e-29            0
-4.69207e-22 -1.80234e-23  2.75632e-22 -1.40469e-23  1.33267e-23 -6.85405e-25  2.89464e-24  3.63348e-23  7.89381e-27            0
-8.41736e-24 -5.17493e-22 -9.31673e-23  5.04819e-25  6.15959e-25   -2.438e-23  1.31524e-24  1.23202e-21  2.17382e-25            0
 1.82318e-22  1.72971e-22 -4.35397e-24 -3.11308e-25    5.017e-25  4.42113e-23  6.74858e-24  4.98203e-20  2.07785e-24            0
 6.13633e-24  7.65128e-24  8.35087e-24 -4.14616e-23  9.56537e-24  3.86788e-23  1.62728e-22   1.6613e-21  1.05562e-25            0
 1.80446e-23  1.15921e-23  8.98765e-23   4.5107e-23  2.13118e-23 -4.67359e-25 -8.17547e-23  6.89926e-21  -7.9555e-25            0
 -1.6908e-24   3.7154e-22 -2.02319e-22 -1.46328e-25 -5.70258e-25   2.5082e-26 -1.31819e-23  5.35092e-23 -2.38572e-26            0
-8.18815e-23  5.61028e-22 -6.12273e-23 -4.91236e-24 -1.77942e-27  5.17147e-23 -1.09141e-22  6.89542e-24 -3.85945e-28            0
 -8.8142e-24  1.19669e-23 -1.94557e-23 -2.51287e-22  3.17224e-25  4.30406e-23   -5.886e-24  6.75674e-23  1.47692e-27            0
-3.24966e-25   2.3957e-24 -6.14172e-22 -3.20715e-23  2.26647e-23  -1.2798e-24 -5.03884e-23 -3.85493e-24    1.182e-27            0
-9.42802e-24 -1.09529e-23   1.5056e-22 -1.30159e-24  2.79221e-25  2.51186e-24  4.46572e-23 -8.44491e-23 -2.27377e-27            0
-3.18896e-22  2.65753e-23  9.51529e-24  8.45648e-26  3.36125e-25  5.79816e-24  1.49473e-22  -1.0845e-22 -6.73248e-27            0
-8.74886e-24 -4.68664e-24   5.6331e-24 -6.35933e-23  2.20963e-23 -3.46608e-25  3.63627e-24 -6.92573e-23 -3.17039e-27            0
-6.34505e-24  1.58306e-25  2.42452e-24 -2.97724e-24  1.47245e-23  3.62456e-25  6.71316e-25 -1.80442e-23 -1.83594e-27            0
-2.41615e-24 -1.78752e-22  1.69403e-22 -3.04865e-25  3.93445e-25  1.24319e-23 -1.93139e-23  -5.7305e-22 -3.16549e-26            0
-7.39029e-23    6.131e-23  1.39455e-24 -7.19826e-25 -1.85172e-25 -5.56449e-23 -2.19454e-24 -1.54264e-20 -6.38039e-25            0
-6.30612e-24   1.3001e-25  3.13845e-24 -9.42848e-23  -5.5733e-24   1.2983e-23 -4.16168e-23  5.46932e-22  1.44532e-26            0
-2.11299e-22  8.59449e-24 -9.79626e-23  9.18264e-23  -4.0616e-25  4.19595e-25  -2.5572e-23  3.39366e-20  3.48937e-25            0
 3.22043e-24 -8.75573e-24  1.37993e-22  1.97871e-24 -1.42661e-26  3.21807e-25  3.73277e-23  1.30598e-22   1.6904e-26            0
 3.20564e-22 -1.56348e-22 -1.69333e-22 -2.89415e-24  1.64777e-26  4.91034e-24 -1.17521e-22  5.01351e-24  6.92802e-28            0
 7.28461e-24 -5.59854e-24 -3.79004e-23 -1.26269e-22  5.42821e-25  4.98667e-23  -3.6502e-24 -7.62399e-23 -3.13891e-27            0
 3.38033e-25  4.20611e-23 -1.06903e-21 -6.75027e-23  2.26658e-23  6.03729e-27 -2.35693e-23  2.14529e-23 -4.45258e-28            0
 3.57018e-24  1.36453e-21 -1.24688e-22 -2.64743e-24  2.61951e-25 -1.44868e-24 -2.54387e-24  2.90344e-24  2.77923e-28            0
 1.14274e-22  1.07414e-22 -1.99463e-22 -2.43761e-24  -2.4734e-25  2.83562e-23  9.87624e-24  1.97836e-23   3.6538e-28            0
 8.45311e-26   3.4668e-24 -7.79933e-24 -7.00074e-23 -5.64254e-24  5.18191e-26   1.4639e-24 -4.76312e-23 -1.93175e-27            0
-1.47224e-25 -1.59515e-24 -3.27238e-25  -1.7973e-24 -5.59105e-24 -9.76263e-24 -2.89148e-25 -5.09657e-25 -8.03877e-29            0
-2.11481e-24 -2.32614e-23 -1.05183e-24 -7.87196e-26 -2.91106e-25  1.86483e-25 -1.02618e-24 -1.44797e-23 -2.64376e-28            0
-7.15936e-23 -1.05875e-22 -3.52796e-23  -1.2485e-24 -1.11127e-26 -1.74485e-23 -1.08115e-23  1.44696e-23  6.39265e-28            0
 -1.1594e-24  -5.4127e-24 -9.84434e-25 -3.45936e-23 -2.83209e-27 -4.65179e-25 -3.45385e-25  4.72414e-24  8.72649e-29            0
 5.90233e-27 -1.08226e-25   2.3641e-25  2.12155e-23    1.495e-26 -1.98884e-26 -1.36014e-25  -5.2595e-24 -1.18641e-29            0
 1.70659e-28 -1.01336e-27  2.80323e-23  1.64231e-23  4.82648e-25 -9.81211e-28  3.80699e-25 -1.54161e-25 -6.72146e-30            0
 4.86417e-30 -5.09402e-28  -6.1454e-24 -8.17874e-24  1.35322e-25 -2.65468e-29  1.27378e-26 -4.51836e-27 -3.83814e-31            0
 1.42451e-31  1.39093e-29  3.65288e-25   4.0614e-25  5.41844e-27 -9.09249e-31  4.19535e-28  -1.3231e-28 -1.67004e-32            0
           0            0            0            0            0            0            0            0            0            0