5.54252e-10 5.54252e-10 5.54252e-10 5.54252e-10 5.54252e-10
2.67863e-10 2.67863e-10 2.67863e-10 2.67863e-10 2.67863e-10
2.51652e-10 2.51652e-10 2.51652e-10 2.51652e-10 2.51652e-10
2.51033e-10 2.51033e-10 2.51033e-10 2.51033e-10 2.51033e-10
2.51013e-10 2.51013e-10 2.51013e-10 2.51013e-10 2.51013e-10
2.51012e-10 2.51012e-10 2.51012e-10 2.51012e-10 2.51012e-10
2.51012e-10 2.51012e-10 2.51012e-10 2.51012e-10 2.51012e-10
2.51012e-10 2.51012e-10 2.51012e-10 2.51012e-10 2.51012e-10
2.51012e-10 2.51012e-10 2.51012e-10 2.51012e-10 2.51012e-10
2.51012e-10 2.51012e-10 2.51012e-10 2.51012e-10 2.51012e-10
2.51012e-10 2.51012e-10 2.51012e-10 2.51012e-10 2.51012e-10
2.51012e-10 2.51012e-10 2.51012e-10 2.51012e-10 2.51012e-10
2.51012e-10 2.51012e-10 2.51012e-10 2.51012e-10 2.51012e-10
2.51012e-10 2.51012e-10 2.51012e-10 2.51012e-10 2.51012e-10
2.51012e-10 2.51012e-10 2.51012e-10 2.51012e-10 2.51012e-10
2.51012e-10 2.51012e-10 2.51012e-10 2.51012e-10 2.51012e-10
2.51012e-10 2.51012e-10 2.51012e-10 2.51012e-10 2.51012e-10
2.51012e-10 2.51012e-10 2.51012e-10 2.51012e-10 2.51012e-10
2.51012e-10 2.51012e-10 2.51012e-10 2.51012e-10 2.51012e-10
2.51012e-10 2.51012e-10 2.51012e-10 2.51012e-10 2.51012e-10
2.51012e-10 2.51012e-10 2.51012e-10 2.51012e-10 2.51012e-10
2.51012e-10 2.51012e-10 2.51012e-10 2.51012e-10 2.51012e-10
2.51012e-10 2.51012e-10 2.51012e-10 2.51012e-10 2.51012e-10
2.51012e-10 2.51012e-10 2.51012e-10 2.51012e-10 2.51012e-10
2.51012e-10 2.51012e-10 2.51012e-10 2.51012e-10 2.51012e-10
2.51012e-10 2.51012e-10 2.51012e-10 2.51012e-10 2.51012e-10
2.51012e-10 2.51012e-10 2.51012e-10 2.51012e-10 2.51012e-10
2.51012e-10 2.51012e-10 2.51012e-10 2.51012e-10 2.51012e-10
2.51012e-10 2.51012e-10 2.51012e-10 2.51012e-10 2.51012e-10
2.51012e-10 2.51012e-10 2.51012e-10 2.51012e-10 2.51012e-10
2.51012e-10 2.51012e-10 2.51012e-10 2.51012e-10 2.51012e-10
2.51012e-10 2.51012e-10 2.51012e-10 2.51012e-10 2.51012e-10
2.51012e-10 2.51012e-10 2.51012e-10 2.51012e-10 2.51012e-10
2.51012e-10 2.51012e-10 2.51012e-10 2.51012e-10 2.51012e-10
2.51012e-10 2.51012e-10 2.51012e-10 2.51012e-10 2.51012e-10
2.51012e-10 2.51012e-10 2.51012e-10 2.51012e-10 2.51012e-10
2.51012e-10 2.51012e-10 2.51012e-10 2.51012e-10 2.51012e-10
2.51012e-10 2.51012e-10 2.51012e-10 2.51012e-10 2.51012e-10
2.51012e-10 2.51012e-10 2.51012e-10 2.51012e-10 2.51012e-10
2.51012e-10 2.51012e-10 2.51012e-10 2.51012e-10 2.51012e-10
2.51012e-10 2.51012e-10 2.51012e-10 2.51012e-10 2.51012e-10
2.51012e-10 2.51012e-10 2.51012e-10 2.51012e-10 2.51012e-10
2.51012e-10 2.51012e-10 2.51012e-10 2.51012e-10 2.51012e-10
2.51012e-10 2.51012e-10 2.51012e-10 2.51012e-10 2.51012e-10
2.51012e-10 2.51012e-10 2.51012e-10 2.51012e-10 2.51012e-10
2.51012e-10 2.51012e-10 2.51012e-10 2.51012e-10 2.51012e-10
2.51012e-10 2.51012e-10 2.51012e-10 2.51012e-10 2.51012e-10
2.51012e-10 2.51012e-10 2.51012e-10 2.51012e-10 2.51012e-10
2.51012e-10 2.51012e-10 2.51012e-10 2.51012e-10 2.51012e-10
2.51012e-10 2.51012e-10 2.51012e-10 2.51012e-10 2.51012e-10
2.51012e-10 2.51012e-10 2.51012e-10 2.51012e-10 2.51012e-10
2.51012e-10 2.51012e-10 2.51012e-10 2.51012e-10 2.51012e-10
2.51012e-10 2.51012e-10 2.51012e-10 2.51012e-10 2.51012e-10
2.51012e-10 2.51012e-10 2.51012e-10 2.51012e-10 2.51012e-10
2.51012e-10 2.51012e-10 2.51012e-10 2.51012e-10 2.51012e-10
2.51012e-10 2.51012e-10 2.51012e-10 2.51012e-10 2.51012e-10
2.51012e-10 2.51012e-10 2.51012e-10 2.51012e-10 2.51012e-10
2.51012e-10 2.51012e-10 2.51012e-10 2.51012e-10 2.51012e-10
2.51012e-10 2.51012e-10 2.51012e-10 2.51012e-10 2.51012e-10
2.51012e-10 2.51012e-10 2.51012e-10 2.51012e-10 2.51012e-10
2.51012e-10 2.51012e-10 2.51012e-10 2.51012e-10 2.51012e-10
2.51012e-10 2.51012e-10 2.51012e-10 2.51012e-10 2.51012e-10
2.51012e-10 2.51012e-10 2.51012e-10 2.51012e-10 2.51012e-10
2.51012e-10 2.51012e-10 2.51012e-10 2.51012e-10 2.51012e-10
2.51012e-10 2.51012e-10 2.51012e-10 2.51012e-10 2.51012e-10
2.51012e-10 2.51012e-10 2.51012e-10 2.51012e-10 2.51012e-10
2.51012e-10 2.51012e-10 2.51012e-10 2.51012e-10 2.51012e-10
2.51012e-10 2.51012e-10 2.51012e-10 2.51012e-10 2.51012e-10
2.51012e-10 2.51012e-10 2.51012e-10 2.51012e-10 2.51012e-10
2.51012e-10 2.51012e-10 2.51012e-10 2.51012e-10 2.51012e-10
2.51012e-10 2.51012e-10 2.51012e-10 2.51012e-10 2.51012e-10
2.51012e-10 2.51012e-10 2.51012e-10 2.51012e-10 2.51012e-10
2.51012e-10 2.51012e-10 2.51012e-10 2.51012e-10 2.51012e-10
2.51012e-10 2.51012e-10 2.51012e-10 2.51012e-10 2.51012e-10
2.51012e-10 2.51012e-10 2.51012e-10 2.51012e-10 2.51012e-10
2.51012e-10 2.51012e-10 2.51012e-10 2.51012e-10 2.51012e-10
2.51012e-10 2.51012e-10 2.51012e-10 2.51012e-10 2.51012e-10
2.51012e-10 2.51012e-10 2.51012e-10 2.51012e-10 2.51012e-10
2.51012e-10 2.51012e-10 2.51012e-10 2.51012e-10 2.51012e-10
2.51012e-10 2.51012e-10 2.51012e-10 2.51012e-10 2.51012e-10
2.51012e-10 2.51012e-10 2.51012e-10 2.51012e-10 2.51012e-10
2.51012e-10 2.51012e-10 2.51012e-10 2.51012e-10 2.51012e-10
2.51012e-10 2.51012e-10 2.51012e-10 2.51012e-10 2.51012e-10
2.51012e-10 2.51012e-10 2.51012e-10 2.51012e-10 2.51012e-10
2.51012e-10 2.51012e-10 2.51012e-10 2.51012e-10 2.51012e-10
2.51012e-10 2.51012e-10 2.51012e-10 2.51012e-10 2.51012e-10
2.51012e-10 2.51012e-10 2.51012e-10 2.51012e-10 2.51012e-10
2.51012e-10 2.51012e-10 2.51012e-10 2.51012e-10 2.51012e-10
2.51012e-10 2.51012e-10 2.51012e-10 2.51012e-10 2.51012e-10
2.51012e-10 2.51012e-10 2.51012e-10 2.51012e-10 2.51012e-10
2.51012e-10 2.51012e-10 2.51012e-10 2.51012e-10 2.51012e-10
2.51012e-10 2.51012e-10 2.51012e-10 2.51012e-10 2.51012e-10
2.51012e-10 2.51012e-10 2.51012e-10 2.51012e-10 2.51012e-10
2.51012e-10 2.51012e-10 2.51012e-10 2.51012e-10 2.51012e-10
2.51012e-10 2.51012e-10 2.51012e-10 2.51012e-10 2.51012e-10
2.51012e-10 2.51012e-10 2.51012e-10 2.51012e-10 2.51012e-10
2.51012e-10 2.51012e-10 2.51012e-10 2.51012e-10 2.51012e-10
2.51012e-10 2.51012e-10 2.51012e-10 2.51012e-10 2.51012e-10
2.51012e-10 2.51012e-10 2.51012e-10 2.51012e-10 2.51012e-10
2.51012e-10 2.51012e-10 2.51012e-10 2.51012e-10 2.51012e-10
2.51012e-10 2.51012e-10 2.51012e-10 2.51012e-10 2.51012e-10
2.51012e-10 2.51012e-10 2.51012e-10 2.51012e-10 2.51012e-10
2.51012e-10 2.51012e-10 2.51012e-10 2.51012e-10 2.51012e-10
2.51012e-10 2.51012e-10 2.51012e-10 2.51012e-10 2.51012e-10
2.51012e-10 2.51012e-10 2.51012e-10 2.51012e-10 2.51012e-10
2.51012e-10 2.51012e-10 2.51012e-10 2.51012e-10 2.51012e-10
2.51012e-10 2.51012e-10 2.51012e-10 2.51012e-10 2.51012e-10
2.51012e-10 2.51012e-10 2.51012e-10 2.51012e-10 2.51012e-10
2.51012e-10 2.51012e-10 2.51012e-10 2.51012e-10 2.51012e-10
2.51012e-10 2.51012e-10 2.51012e-10 2.51012e-10 2.51012e-10
2.51012e-10 2.51012e-10 2.51012e-10 2.51012e-10 2.51012e-10
2.51012e-10 2.51012e-10 2.51012e-10 2.51012e-10 2.51012e-10
2.51012e-10 2.51012e-10 2.51012e-10 2.51012e-10 2.51012e-10
2.51012e-10 2.51012e-10 2.51012e-10 2.51012e-10 2.51012e-10
2.51012e-10 2.51012e-10 2.51012e-10 2.51012e-10 2.51012e-10
2.51012e-10 2.51012e-10 2.51012e-10 2.51012e-10 2.51012e-10
2.51012e-10 2.51012e-10 2.51012e-10 2.51012e-10 2.51012e-10
2.51012e-10 2.51012e-10 2.51012e-10 2.51012e-10 2.51012e-10
2.51012e-10 2.51012e-10 2.51012e-10 2.51012e-10 2.51012e-10
2.51012e-10 2.51012e-10 2.51012e-10 2.51012e-10 2.51012e-10
2.51012e-10 2.51012e-10 2.51012e-10 2.51012e-10 2.51012e-10
2.51012e-10 2.51012e-10 2.51012e-10 2.51012e-10 2.51012e-10
2.51012e-10 2.51012e-10 2.51012e-10 2.51012e-10 2.51012e-10
2.51012e-10 2.51012e-10 2.51012e-10 2.51012e-10 2.51012e-10
2.51012e-10 2.51012e-10 2.51012e-10 2.51012e-10 2.51012e-10
2.51012e-10 2.51012e-10 2.51012e-10 2.51012e-10 2.51012e-10
2.51012e-10 2.51012e-10 2.51012e-10 2.51012e-10 2.51012e-10
2.51012e-10 2.51012e-10 2.51012e-10 2.51012e-10 2.51012e-10
2.51012e-10 2.51012e-10 2.51012e-10 2.51012e-10 2.51012e-10
2.51012e-10 2.51012e-10 2.51012e-10 2.51012e-10 2.51012e-10
2.51012e-10 2.51012e-10 2.51012e-10 2.51012e-10 2.51012e-10
2.51012e-10 2.51012e-10 2.51012e-10 2.51012e-10 2.51012e-10
2.51012e-10 2.51012e-10 2.51012e-10 2.51012e-10 2.51012e-10
2.51012e-10 2.51012e-10 2.51012e-10 2.51012e-10 2.51012e-10
2.51012e-10 2.51012e-10 2.51012e-10 2.51012e-10 2.51012e-10
2.51012e-10 2.51012e-10 2.51012e-10 2.51012e-10 2.51012e-10
2.51012e-10 2.51012e-10 2.51012e-10 2.51012e-10 2.51012e-10
2.51012e-10 2.51012e-10 2.51012e-10 2.51012e-10 2.51012e-10
2.51012e-10 2.51012e-10 2.51012e-10 2.51012e-10 2.51012e-10
2.51012e-10 2.51012e-10 2.51012e-10 2.51012e-10 2.51012e-10
2.51012e-10 2.51012e-10 2.51012e-10 2.51012e-10 2.51012e-10
2.51012e-10 2.51012e-10 2.51012e-10 2.51012e-10 2.51012e-10
2.51012e-10 2.51012e-10 2.51012e-10 2.51012e-10 2.51012e-10
2.51012e-10 2.51012e-10 2.51012e-10 2.51012e-10 2.51012e-10
2.51012e-10 2.51012e-10 2.51012e-10 2.51012e-10 2.51012e-10
2.51012e-10 2.51012e-10 2.51012e-10 2.51012e-10 2.51012e-10
2.51012e-10 2.51012e-10 2.51012e-10 2.51012e-10 2.51012e-10
2.51012e-10 2.51012e-10 2.51012e-10 2.51012e-10 2.51012e-10
2.51012e-10 2.51012e-10 2.51012e-10 2.51012e-10 2.51012e-10
2.51012e-10 2.51012e-10 2.51012e-10 2.51012e-10 2.51012e-10
2.51012e-10 2.51012e-10 2.51012e-10 2.51012e-10 2.51012e-10
2.51012e-10 2.51012e-10 2.51012e-10 2.51012e-10 2.51012e-10
2.51012e-10 2.51012e-10 2.51012e-10 2.51012e-10 2.51012e-10
2.51012e-10 2.51012e-10 2.51012e-10 2.51012e-10 2.51012e-10
2.51012e-10 2.51012e-10 2.51012e-10 2.51012e-10 2.51012e-10
2.51012e-10 2.51012e-10 2.51012e-10 2.51012e-10 2.51012e-10
2.51012e-10 2.51012e-10 2.51012e-10 2.51012e-10 2.51012e-10
2.51012e-10 2.51012e-10 2.51012e-10 2.51012e-10 2.51012e-10
2.51012e-10 2.51012e-10 2.51012e-10 2.51012e-10 2.51012e-10
2.51012e-10 2.51012e-10 2.51012e-10 2.51012e-10 2.51012e-10
2.51012e-10 2.51012e-10 2.51012e-10 2.51012e-10 2.51012e-10
2.51012e-10 2.51012e-10 2.51012e-10 2.51012e-10 2.51012e-10
2.51012e-10 2.51012e-10 2.51012e-10 2.51012e-10 2.51012e-10
2.51012e-10 2.51012e-10 2.51012e-10 2.51012e-10 2.51012e-10
2.51012e-10 2.51012e-10 2.51012e-10 2.51012e-10 2.51012e-10
2.51012e-10 2.51012e-10 2.51012e-10 2.51012e-10 2.51012e-10
2.51012e-10 2.51012e-10 2.51012e-10 2.51012e-10 2.51012e-10
2.51012e-10 2.51012e-10 2.51012e-10 2.51012e-10 2.51012e-10
2.51012e-10 2.51012e-10 2.51012e-10 2.51012e-10 2.51012e-10
2.51012e-10 2.51012e-10 2.51012e-10 2.51012e-10 2.51012e-10
2.51012e-10 2.51012e-10 2.51012e-10 2.51012e-10 2.51012e-10
2.51012e-10 2.51012e-10 2.51012e-10 2.51012e-10 2.51012e-10
2.51012e-10 2.51012e-10 2.51012e-10 2.51012e-10 2.51012e-10
2.51012e-10 2.51012e-10 2.51012e-10 2.51012e-10 2.51012e-10
2.51012e-10 2.51012e-10 2.51012e-10 2.51012e-10 2.51012e-10
2.51012e-10 2.51012e-10 2.51012e-10 2.51012e-10 2.51012e-10
2.51012e-10 2.51012e-10 2.51012e-10 2.51012e-10 2.51012e-10
2.51012e-10 2.51012e-10 2.51012e-10 2.51012e-10 2.51012e-10
2.51012e-10 2.51012e-10 2.51012e-10 2.51012e-10 2.51012e-10
2.51012e-10 2.51012e-10 2.51012e-10 2.51012e-10 2.51012e-10
2.51012e-10 2.51012e-10 2.51012e-10 2.51012e-10 2.51012e-10
2.51012e-10 2.51012e-10 2.51012e-10 2.51012e-10 2.51012e-10
2.51012e-10 2.51012e-10 2.51012e-10 2.51012e-10 2.51012e-10
2.51012e-10 2.51012e-10 2.51012e-10 2.51012e-10 2.51012e-10
2.51012e-10 2.51012e-10 2.51012e-10 2.51012e-10 2.51012e-10
2.51012e-10 2.51012e-10 2.51012e-10 2.51012e-10 2.51012e-10
2.51012e-10 2.51012e-10 2.51012e-10 2.51012e-10 2.51012e-10
2.51012e-10 2.51012e-10 2.51012e-10 2.51012e-10 2.51012e-10
2.51012e-10 2.51012e-10 2.51012e-10 2.51012e-10 2.51012e-10
2.51012e-10 2.51012e-10 2.51012e-10 2.51012e-10 2.51012e-10
2.51012e-10 2.51012e-10 2.51012e-10 2.51012e-10 2.51012e-10
2.51012e-10 2.51012e-10 2.51012e-10 2.51012e-10 2.51012e-10
2.51012e-10 2.51012e-10 2.51012e-10 2.51012e-10 2.51012e-10
2.51012e-10 2.51012e-10 2.51012e-10 2.51012e-10 2.51012e-10
2.51012e-10 2.51012e-10 2.51012e-10 2.51012e-10 2.51012e-10
2.51011e-10 2.51011e-10 2.51011e-10 2.51011e-10 2.51011e-10
 2.5098e-10  2.5098e-10  2.5098e-10  2.5098e-10  2.5098e-10
2.50163e-10 2.50163e-10 2.50163e-10 2.50163e-10 2.50163e-10
2.32999e-10 2.32999e-10 2.32999e-10 2.32999e-10 2.32999e-10
3.00809e-12 3.00809e-12 3.00809e-12 3.00809e-12 3.00741e-12