  8.0695e-10  6.92829e-10    4.945e-10   2.6061e-10  4.55314e-11 -1.06332e-10 -1.73143e-10 -1.58773e-10 -8.87345e-11  1.13187e-21
 8.06518e-10  6.92456e-10  4.94233e-10  2.60469e-10  4.55055e-11 -1.06295e-10 -1.73081e-10 -1.58716e-10 -8.87026e-11 -1.14639e-20
 8.05796e-10  6.91832e-10  4.93786e-10  2.60232e-10  4.54616e-11  -1.0622e-10 -1.72957e-10 -1.58601e-10 -8.86388e-11  2.06474e-23
 8.04787e-10   6.9096e-10  4.93162e-10  2.59901e-10     4.54e-11 -1.06108e-10 -1.72772e-10 -1.58431e-10 -8.85431e-11  4.16979e-22
 8.03493e-10  6.89841e-10  4.92362e-10  2.59477e-10  4.53209e-11 -1.05958e-10 -1.72524e-10 -1.58203e-10 -8.84156e-11 -4.95513e-22
 8.01915e-10  6.88476e-10  4.91385e-10  2.58959e-10  4.52244e-11 -1.05771e-10 -1.72215e-10 -1.57918e-10 -8.82565e-11  2.98126e-23
 8.00052e-10  6.86866e-10  4.90232e-10  2.58348e-10  4.51105e-11 -1.05547e-10 -1.71845e-10 -1.57577e-10 -8.80657e-11 -5.53584e-23
 7.97906e-10  6.85011e-10  4.88905e-10  2.57644e-10  4.49793e-11 -1.05287e-10 -1.71413e-10  -1.5718e-10 -8.78434e-11  2.86465e-23
 7.95478e-10  6.82912e-10  4.87403e-10  2.56847e-10  4.48308e-11 -1.04989e-10  -1.7092e-10 -1.56727e-10 -8.75898e-11   1.9976e-23
 7.92768e-10  6.80571e-10  4.85727e-10  2.55959e-10  4.46653e-11 -1.04654e-10 -1.70367e-10 -1.56218e-10 -8.73048e-11   3.4311e-25
 7.89779e-10  6.77988e-10  4.83878e-10  2.54978e-10  4.44829e-11 -1.04283e-10 -1.69753e-10 -1.55653e-10 -8.69887e-11  1.95923e-23
  7.8651e-10  6.75164e-10  4.81857e-10  2.53906e-10  4.42835e-11 -1.03875e-10 -1.69079e-10 -1.55032e-10 -8.66415e-11   1.7979e-23
 7.82965e-10  6.72101e-10  4.79665e-10  2.52744e-10  4.40675e-11 -1.03431e-10 -1.68345e-10 -1.54357e-10 -8.62635e-11 -9.13229e-24
 7.79143e-10    6.688e-10  4.77303e-10  2.51491e-10  4.38348e-11 -1.02951e-10 -1.67551e-10 -1.53627e-10 -8.58548e-11 -8.33642e-25
 7.75047e-10  6.65263e-10  4.74771e-10  2.50149e-10  4.35856e-11 -1.02434e-10 -1.66698e-10 -1.52842e-10 -8.54156e-11  8.06419e-21
 7.70679e-10  6.61491e-10  4.72071e-10  2.48717e-10  4.33201e-11 -1.01882e-10 -1.65786e-10 -1.52003e-10 -8.49461e-11 -1.42882e-20
 7.66039e-10  6.57485e-10  4.69204e-10  2.47197e-10  4.30384e-11 -1.01295e-10 -1.64815e-10  -1.5111e-10 -8.44464e-11  8.10996e-21
 7.61131e-10  6.53248e-10  4.66172e-10  2.45589e-10  4.27406e-11 -1.00672e-10 -1.63787e-10 -1.50163e-10 -8.39168e-11 -3.16873e-23
 7.55955e-10   6.4878e-10  4.62975e-10  2.43894e-10  4.24269e-11 -1.00014e-10   -1.627e-10 -1.49164e-10 -8.33575e-11  8.74952e-25
 7.50514e-10  6.44085e-10  4.59614e-10  2.42112e-10  4.20975e-11 -9.93214e-11 -1.61557e-10 -1.48111e-10 -8.27687e-11 -8.71408e-25
 7.44811e-10  6.39163e-10  4.56092e-10  2.40245e-10  4.17525e-11 -9.85941e-11 -1.60356e-10 -1.47007e-10 -8.21507e-11  8.44214e-24
 7.38847e-10  6.34017e-10  4.52409e-10  2.38292e-10  4.13921e-11 -9.78325e-11 -1.59099e-10 -1.45851e-10 -8.15036e-11  8.44902e-24
 7.32625e-10  6.28648e-10  4.48567e-10  2.36256e-10  4.10165e-11 -9.70369e-11 -1.57786e-10 -1.44643e-10 -8.08279e-11   8.4872e-24
 7.26147e-10   6.2306e-10  4.44568e-10  2.34136e-10  4.06258e-11 -9.62076e-11 -1.56418e-10 -1.43384e-10 -8.01236e-11  2.01955e-23
 7.19416e-10  6.17254e-10  4.40413e-10  2.31934e-10  4.02203e-11  -9.5345e-11 -1.54995e-10 -1.42075e-10 -7.93912e-11  1.94206e-23
 7.12434e-10  6.11232e-10  4.36104e-10   2.2965e-10  3.98001e-11 -9.44492e-11 -1.53518e-10 -1.40717e-10 -7.86309e-11 -1.06504e-23
 7.05205e-10  6.04997e-10  4.31643e-10  2.27285e-10  3.93654e-11 -9.35208e-11 -1.51987e-10 -1.39308e-10 -7.78429e-11 -8.77671e-21
 6.97731e-10  5.98551e-10  4.27031e-10  2.24841e-10  3.89164e-11 -9.25599e-11 -1.50403e-10 -1.37851e-10 -7.70277e-11  -1.4106e-20
 6.90014e-10  5.91898e-10   4.2227e-10  2.22318e-10  3.84533e-11 -9.15671e-11 -1.48766e-10 -1.36346e-10 -7.61855e-11 -8.69186e-21
 6.82058e-10  5.85038e-10  4.17362e-10  2.19717e-10  3.79764e-11 -9.05425e-11 -1.47078e-10 -1.34793e-10 -7.53167e-11  1.21484e-23
 6.73867e-10  5.77976e-10  4.12309e-10   2.1704e-10  3.74858e-11 -8.94867e-11 -1.45338e-10 -1.33193e-10 -7.44215e-11  4.56729e-24
 6.65442e-10  5.70714e-10  4.07113e-10  2.14287e-10  3.69818e-11    -8.84e-11 -1.43548e-10 -1.31547e-10 -7.35004e-11 -4.77696e-24
 6.56788e-10  5.63254e-10  4.01776e-10  2.11459e-10  3.64645e-11 -8.72829e-11 -1.41708e-10 -1.29855e-10 -7.25536e-11  1.50685e-23
 6.47907e-10    5.556e-10    3.963e-10  2.08558e-10  3.59343e-11 -8.61356e-11 -1.39819e-10 -1.28118e-10 -7.15816e-11   3.8116e-25
 6.38804e-10  5.47755e-10  3.90687e-10  2.05585e-10  3.53913e-11 -8.49587e-11 -1.37882e-10 -1.26336e-10 -7.05847e-11  1.37334e-23
 6.29481e-10  5.39721e-10  3.84939e-10   2.0254e-10  3.48358e-11 -8.37526e-11 -1.35896e-10  -1.2451e-10 -6.95634e-11  1.08042e-23
 6.19942e-10  5.31501e-10  3.79059e-10  1.99426e-10   3.4268e-11 -8.25177e-11 -1.33864e-10 -1.22641e-10 -6.85179e-11  5.24945e-24
 6.10191e-10  5.23099e-10  3.73049e-10  1.96243e-10  3.36882e-11 -8.12545e-11 -1.31785e-10  -1.2073e-10 -6.74487e-11  3.93597e-24
 6.00231e-10  5.14519e-10  3.66911e-10  1.92992e-10  3.30965e-11 -7.99634e-11 -1.29661e-10 -1.18778e-10 -6.63561e-11 -3.29846e-21
 5.90066e-10  5.05762e-10  3.60647e-10  1.89676e-10  3.24934e-11 -7.86449e-11 -1.27493e-10 -1.16784e-10 -6.52407e-11 -2.01898e-20
 5.79701e-10  4.96833e-10   3.5426e-10  1.86294e-10  3.18789e-11 -7.72995e-11 -1.25281e-10  -1.1475e-10 -6.41028e-11 -3.29389e-21
 5.69138e-10  4.87735e-10  3.47753e-10  1.82848e-10  3.12535e-11 -7.59277e-11 -1.23025e-10 -1.12676e-10 -6.29429e-11 -2.87831e-23
 5.58383e-10  4.78471e-10  3.41127e-10  1.79341e-10  3.06172e-11 -7.45299e-11 -1.20728e-10 -1.10564e-10 -6.17613e-11 -1.42855e-23
 5.47438e-10  4.69045e-10  3.34385e-10  1.75772e-10  2.99705e-11 -7.31068e-11 -1.18389e-10 -1.08414e-10 -6.05586e-11  1.87762e-23
 5.36309e-10  4.59461e-10   3.2753e-10  1.72143e-10  2.93135e-11 -7.16587e-11  -1.1601e-10 -1.06227e-10 -5.93352e-11  1.62332e-23
 5.24999e-10  4.49722e-10  3.20565e-10  1.68457e-10  2.86465e-11 -7.01863e-11 -1.13591e-10 -1.04004e-10 -5.80915e-11  3.06705e-25
 5.13512e-10  4.39831e-10  3.13491e-10  1.64713e-10  2.79699e-11 -6.86901e-11 -1.11133e-10 -1.01745e-10  -5.6828e-11  2.43073e-23
 5.01854e-10  4.29793e-10  3.06313e-10  1.60914e-10  2.72838e-11 -6.71705e-11 -1.08638e-10 -9.94522e-11 -5.55452e-11  1.51176e-23
 4.90027e-10  4.19611e-10  2.99031e-10  1.57061e-10  2.65887e-11 -6.56283e-11 -1.06106e-10 -9.71252e-11 -5.42435e-11   1.3473e-23
 4.78037e-10  4.09288e-10   2.9165e-10  1.53156e-10  2.58846e-11 -6.40638e-11 -1.03538e-10 -9.47654e-11 -5.29235e-11  8.96124e-24
 4.65888e-10   3.9883e-10  2.84172e-10  1.49199e-10   2.5172e-11 -6.24777e-11 -1.00936e-10 -9.23735e-11 -5.15856e-11 -1.38646e-20
 4.53585e-10   3.8824e-10  2.76599e-10  1.45193e-10  2.44511e-11 -6.08706e-11  -9.8299e-11 -8.99506e-11 -5.02303e-11  7.11176e-21
 4.41132e-10  3.77521e-10  2.68935e-10  1.41139e-10  2.37223e-11 -5.92431e-11 -9.56293e-11 -8.74975e-11 -4.88582e-11 -1.38548e-20
 4.28534e-10  3.66678e-10  2.61182e-10  1.37039e-10  2.29857e-11 -5.75956e-11 -9.29276e-11  -8.5015e-11 -4.74697e-11  1.87217e-23
 4.15795e-10  3.55715e-10  2.53344e-10  1.32893e-10  2.22417e-11 -5.59289e-11 -9.01948e-11 -8.25042e-11 -4.60653e-11  1.45317e-23
 4.02921e-10  3.44635e-10  2.45422e-10  1.28704e-10  2.14907e-11 -5.42435e-11  -8.7432e-11 -7.99659e-11 -4.46456e-11  1.92664e-23
 3.89915e-10  3.33443e-10  2.37421e-10  1.24474e-10  2.07328e-11 -5.25401e-11 -8.46403e-11 -7.74011e-11 -4.32111e-11  1.92579e-23
 3.76784e-10  3.22144e-10  2.29343e-10  1.20203e-10  1.99684e-11 -5.08192e-11 -8.18205e-11 -7.48107e-11 -4.17623e-11  1.14203e-25
 3.63531e-10   3.1074e-10  2.21191e-10  1.15893e-10  1.91978e-11 -4.90814e-11 -7.89738e-11 -7.21957e-11 -4.02997e-11  1.41699e-23
 3.50161e-10  2.99237e-10  2.12968e-10  1.11546e-10  1.84213e-11 -4.73275e-11 -7.61012e-11  -6.9557e-11  -3.8824e-11  2.19298e-23
  3.3668e-10  2.87639e-10  2.04678e-10  1.07164e-10  1.76392e-11  -4.5558e-11 -7.32037e-11 -6.68956e-11 -3.73355e-11  4.86821e-24
 3.23092e-10   2.7595e-10  1.96322e-10  1.02748e-10  1.68518e-11 -4.37735e-11 -7.02824e-11 -6.42125e-11  -3.5835e-11  8.35613e-24
 3.09403e-10  2.64173e-10  1.87905e-10  9.82997e-11  1.60594e-11 -4.19748e-11 -6.73384e-11 -6.15086e-11 -3.43228e-11  5.14874e-21
 2.95617e-10  2.52315e-10  1.79429e-10   9.3821e-11  1.52623e-11 -4.01624e-11 -6.43727e-11  -5.8785e-11 -3.27997e-11 -9.58656e-21
 2.81739e-10  2.40378e-10  1.70898e-10  8.93134e-11  1.44608e-11  -3.8337e-11 -6.13864e-11 -5.60426e-11  -3.1266e-11  5.15288e-21
 2.67775e-10  2.28368e-10  1.62314e-10  8.47785e-11  1.36553e-11 -3.64993e-11 -5.83806e-11 -5.32824e-11 -2.97225e-11  1.43981e-23
  2.5373e-10  2.16288e-10  1.53681e-10  8.02181e-11   1.2846e-11 -3.46499e-11 -5.53564e-11 -5.05055e-11 -2.81696e-11 -4.92612e-24
 2.39609e-10  2.04144e-10  1.45003e-10  7.56338e-11  1.20333e-11 -3.27895e-11 -5.23149e-11 -4.77129e-11  -2.6608e-11  4.94456e-24
 2.25416e-10  1.91939e-10  1.36281e-10  7.10274e-11  1.12174e-11 -3.09188e-11 -4.92572e-11 -4.49055e-11 -2.50381e-11  2.20429e-24
 2.11158e-10  1.79678e-10   1.2752e-10  6.64005e-11  1.03987e-11 -2.90384e-11 -4.61844e-11 -4.20844e-11 -2.34606e-11 -2.27332e-24
 1.96838e-10  1.67365e-10  1.18722e-10  6.17548e-11  9.57749e-12  -2.7149e-11 -4.30976e-11 -3.92506e-11 -2.18761e-11  9.56616e-24
 1.82464e-10  1.55005e-10  1.09891e-10   5.7092e-11  8.75406e-12 -2.52512e-11  -3.9998e-11 -3.64051e-11  -2.0285e-11  2.82476e-24
 1.68039e-10  1.42603e-10  1.01029e-10  5.24138e-11  7.92875e-12 -2.33459e-11 -3.68866e-11 -3.35491e-11 -1.86881e-11  4.79296e-24
 1.53569e-10  1.30163e-10  9.21413e-11   4.7722e-11  7.10185e-12 -2.14336e-11 -3.37646e-11 -3.06834e-11 -1.70858e-11  3.46636e-24
 1.39059e-10  1.17689e-10  8.32297e-11  4.30182e-11  6.27367e-12  -1.9515e-11  -3.0633e-11 -2.78092e-11 -1.54788e-11  -3.7883e-21
 1.24515e-10  1.05187e-10  7.42978e-11  3.83041e-11  5.44453e-12 -1.75908e-11 -2.74932e-11 -2.49275e-11 -1.38676e-11  1.86064e-21
 1.09941e-10  9.26593e-11  6.53487e-11  3.35815e-11  4.61474e-12 -1.56618e-11 -2.43461e-11 -2.20393e-11 -1.22528e-11 -3.76962e-21
 9.53439e-11  8.01122e-11  5.63858e-11  2.88521e-11   3.7846e-12 -1.37285e-11 -2.11929e-11 -1.91457e-11  -1.0635e-11 -1.47323e-24
 8.07277e-11  6.75496e-11  4.74122e-11  2.41176e-11  2.95442e-12 -1.17918e-11 -1.80348e-11 -1.62477e-11 -9.01483e-12   2.2783e-24
  6.6098e-11  5.49761e-11  3.84312e-11  1.93797e-11  2.12451e-12 -9.85224e-12 -1.48728e-11 -1.33464e-11 -7.39281e-12  1.23614e-24
 5.14602e-11  4.23962e-11   2.9446e-11  1.46402e-11  1.29517e-12 -7.91057e-12 -1.17081e-11 -1.04427e-11 -5.76953e-12  1.22525e-24
 3.68194e-11  2.98146e-11    2.046e-11  9.90066e-12  4.66715e-13 -5.96747e-12 -8.54196e-12 -7.53787e-12  -4.1456e-12   1.7221e-24
  2.2181e-11  1.72356e-11  1.14762e-11  5.16289e-12 -3.60561e-13 -4.02365e-12 -5.37537e-12  -4.6328e-12 -2.52158e-12  4.32774e-25
 7.55026e-12  4.66386e-12  2.49804e-12  4.28582e-13 -1.18635e-12  -2.0798e-12 -2.20952e-12 -1.72858e-12  -8.9808e-13  3.97187e-26
-7.06765e-12 -7.89614e-12 -6.47136e-12 -4.30057e-12 -2.01036e-12 -1.36613e-13   9.5447e-13  1.17375e-12  7.24332e-13  7.39598e-26
-2.16675e-11 -2.04399e-11 -1.54288e-11 -9.02285e-12 -2.83228e-12  1.80521e-12  4.11545e-12  4.07315e-12  2.34507e-12 -9.59552e-25
-3.62439e-11 -3.29629e-11  -2.4371e-11 -1.37366e-11 -3.65182e-12  3.74498e-12   7.2723e-12  6.96858e-12  3.96355e-12 -5.37032e-22
-5.07919e-11 -4.54607e-11 -3.32948e-11 -1.84401e-11 -4.46868e-12    5.682e-12  1.04239e-11    9.859e-12   5.5792e-12  2.10735e-21
 -6.5306e-11 -5.79289e-11  -4.2197e-11 -2.31316e-11 -5.28256e-12  7.61559e-12  1.35691e-11  1.27434e-11  7.19143e-12 -1.10393e-21
-7.97813e-11 -7.03629e-11 -5.10744e-11 -2.78096e-11 -6.09319e-12  9.54503e-12  1.67067e-11  1.56207e-11  8.79967e-12 -1.20418e-22
-9.42125e-11 -8.27583e-11 -5.99239e-11 -3.24722e-11 -6.90026e-12  1.14697e-11  1.98357e-11  1.84899e-11  1.04033e-11 -3.13452e-24
-1.08594e-10 -9.51108e-11 -6.87423e-11  -3.7118e-11 -7.70349e-12  1.33888e-11   2.2955e-11  2.13499e-11  1.20019e-11  2.82172e-26
-1.22922e-10 -1.07416e-10 -7.75264e-11 -4.17451e-11 -8.50259e-12  1.53017e-11  2.60634e-11  2.41998e-11  1.35947e-11 -6.31991e-25
 -1.3719e-10 -1.19669e-10 -8.62732e-11  -4.6352e-11 -9.29728e-12  1.72078e-11  2.91598e-11  2.70386e-11  1.51812e-11   1.2039e-23
-1.51394e-10 -1.31866e-10 -9.49795e-11  -5.0937e-11 -1.00873e-11  1.91062e-11  3.22431e-11  2.98651e-11  1.67609e-11 -1.14047e-24
-1.65528e-10 -1.44003e-10 -1.03642e-10 -5.54986e-11 -1.08723e-11  2.09965e-11  3.53122e-11  3.26785e-11  1.83332e-11 -3.12016e-24
-1.79588e-10 -1.56075e-10 -1.12258e-10  -6.0035e-11 -1.16521e-11  2.28778e-11   3.8366e-11  3.54776e-11  1.98975e-11 -2.64841e-24
-1.93568e-10 -1.68079e-10 -1.20825e-10 -6.45447e-11 -1.24264e-11  2.47496e-11  4.14035e-11  3.82616e-11  2.14533e-11 -2.61817e-23
-2.07463e-10 -1.80008e-10 -1.29339e-10 -6.90261e-11 -1.31949e-11  2.66111e-11  4.44235e-11  4.10294e-11      2.3e-11  6.67014e-21
 -2.2127e-10 -1.91861e-10 -1.37797e-10 -7.34776e-11 -1.39573e-11  2.84618e-11   4.7425e-11  4.37801e-11  2.45371e-11 -3.32019e-21
-2.34982e-10 -2.03632e-10 -1.46196e-10 -7.78976e-11 -1.47134e-11  3.03008e-11  5.04069e-11  4.65126e-11   2.6064e-11  6.68693e-21
-2.48595e-10 -2.15317e-10 -1.54534e-10 -8.22847e-11  -1.5463e-11  3.21276e-11  5.33682e-11   4.9226e-11  2.75802e-11 -1.27899e-23
-2.62104e-10 -2.26912e-10 -1.62807e-10 -8.66372e-11 -1.62057e-11  3.39415e-11  5.63077e-11  5.19193e-11  2.90851e-11 -1.58526e-25
-2.75504e-10 -2.38413e-10 -1.71013e-10 -9.09536e-11 -1.69413e-11   3.5742e-11  5.92246e-11  5.45916e-11  3.05783e-11 -7.40646e-24
-2.88792e-10 -2.49817e-10 -1.79149e-10 -9.52325e-11 -1.76696e-11  3.75282e-11  6.21176e-11   5.7242e-11  3.20591e-11 -1.04968e-23
-3.01961e-10 -2.61118e-10 -1.87211e-10 -9.94723e-11 -1.83903e-11  3.92997e-11  6.49859e-11  5.98694e-11  3.35271e-11  3.64141e-23
-3.15008e-10 -2.72313e-10 -1.95197e-10 -1.03672e-10 -1.91031e-11  4.10557e-11  6.78284e-11  6.24731e-11  3.49818e-11  1.24001e-23
-3.27928e-10 -2.83399e-10 -2.03105e-10 -1.07829e-10 -1.98079e-11  4.27957e-11   7.0644e-11  6.50519e-11  3.64225e-11 -1.42491e-23
-3.40716e-10 -2.94371e-10 -2.10931e-10 -1.11943e-10 -2.05044e-11   4.4519e-11  7.34319e-11  6.76051e-11   3.7849e-11 -1.40875e-23
-3.53368e-10 -3.05225e-10 -2.18672e-10 -1.16011e-10 -2.11923e-11  4.62251e-11   7.6191e-11  7.01318e-11  3.92605e-11   5.9336e-23
 -3.6588e-10 -3.15958e-10 -2.26327e-10 -1.20034e-10 -2.18715e-11  4.79132e-11  7.89203e-11   7.2631e-11  4.06567e-11  5.21496e-21
-3.78247e-10 -3.26567e-10 -2.33892e-10 -1.24009e-10 -2.25416e-11  4.95829e-11  8.16188e-11  7.51019e-11   4.2037e-11 -1.13493e-20
-3.90464e-10 -3.37046e-10 -2.41365e-10 -1.27935e-10 -2.32026e-11  5.12334e-11  8.42858e-11  7.75436e-11  4.34009e-11  5.19485e-21
-4.02529e-10 -3.47393e-10 -2.48743e-10  -1.3181e-10 -2.38541e-11  5.28644e-11  8.69201e-11  7.99553e-11  4.47481e-11  2.69996e-23
-4.14436e-10 -3.57604e-10 -2.56024e-10 -1.35634e-10  -2.4496e-11   5.4475e-11  8.95209e-11  8.23361e-11  4.60779e-11 -1.36991e-23
-4.26181e-10 -3.67676e-10 -2.63205e-10 -1.39405e-10  -2.5128e-11  5.60649e-11  9.20872e-11  8.46851e-11    4.739e-11  1.02521e-23
-4.37761e-10 -3.77605e-10 -2.70283e-10 -1.43121e-10 -2.57499e-11  5.76334e-11  9.46182e-11  8.70016e-11  4.86838e-11 -9.56662e-24
-4.49171e-10 -3.87388e-10 -2.77257e-10 -1.46782e-10 -2.63616e-11    5.918e-11   9.7113e-11  8.92848e-11   4.9959e-11 -5.59047e-23
-4.60407e-10 -3.97021e-10 -2.84124e-10 -1.50386e-10 -2.69628e-11  6.07041e-11  9.95707e-11  9.15338e-11  5.12151e-11 -2.86521e-23
-4.71466e-10 -4.06501e-10 -2.90881e-10 -1.53932e-10 -2.75534e-11  6.22051e-11   1.0199e-10  9.37479e-11  5.24516e-11 -1.49808e-23
-4.82344e-10 -4.15825e-10 -2.97526e-10 -1.57418e-10 -2.81331e-11  6.36827e-11  1.04371e-10  9.59263e-11  5.36682e-11 -1.40579e-23
-4.93037e-10 -4.24989e-10 -3.04057e-10 -1.60844e-10 -2.87018e-11  6.51361e-11  1.06713e-10  9.80682e-11  5.48643e-11 -4.44297e-23
-5.03542e-10 -4.33991e-10 -3.10472e-10 -1.64209e-10 -2.92593e-11   6.6565e-11  1.09013e-10  1.00173e-10  5.60397e-11 -8.72562e-21
-5.13854e-10 -4.42828e-10 -3.16769e-10 -1.67511e-10 -2.98054e-11  6.79688e-11  1.11273e-10   1.0224e-10  5.71938e-11  1.61862e-20
 -5.2397e-10 -4.51496e-10 -3.22945e-10 -1.70749e-10   -3.034e-11   6.9347e-11  1.13491e-10  1.04268e-10  5.83263e-11  -8.7176e-21
-5.33888e-10 -4.59992e-10 -3.28998e-10 -1.73922e-10 -3.08629e-11  7.06992e-11  1.15665e-10  1.06257e-10  5.94368e-11   5.0403e-23
-5.43603e-10 -4.68314e-10 -3.34926e-10 -1.77028e-10 -3.13738e-11  7.20248e-11  1.17797e-10  1.08206e-10  6.05249e-11 -1.85289e-23
-5.53113e-10 -4.76459e-10 -3.40728e-10 -1.80068e-10 -3.18728e-11  7.33235e-11  1.19884e-10  1.10114e-10  6.15902e-11 -1.94573e-23
-5.62414e-10 -4.84424e-10 -3.46401e-10  -1.8304e-10 -3.23596e-11  7.45947e-11  1.21926e-10   1.1198e-10  6.26324e-11 -2.20638e-23
-5.71502e-10 -4.92207e-10 -3.51944e-10 -1.85943e-10  -3.2834e-11  7.58379e-11  1.23922e-10  1.13805e-10  6.36511e-11 -1.30239e-23
-5.80376e-10 -4.99804e-10 -3.57354e-10 -1.88776e-10  -3.3296e-11  7.70529e-11  1.25872e-10  1.15587e-10   6.4646e-11 -3.38411e-23
-5.89031e-10 -5.07214e-10  -3.6263e-10 -1.91538e-10 -3.37454e-11  7.82391e-11  1.27775e-10  1.17326e-10  6.56167e-11 -1.51101e-23
-5.97466e-10 -5.14433e-10  -3.6777e-10 -1.94228e-10  -3.4182e-11  7.93961e-11   1.2963e-10  1.19021e-10  6.65629e-11 -4.58402e-24
-6.05677e-10  -5.2146e-10 -3.72773e-10 -1.96845e-10 -3.46058e-11  8.05235e-11  1.31436e-10  1.20672e-10  6.74843e-11  1.59588e-23
-6.13662e-10 -5.28293e-10 -3.77636e-10 -1.99389e-10 -3.50166e-11   8.1621e-11  1.33194e-10  1.22278e-10  6.83805e-11 -4.49256e-21
-6.21418e-10 -5.34928e-10 -3.82358e-10 -2.01859e-10 -3.54143e-11  8.26881e-11  1.34902e-10  1.23838e-10  6.92513e-11  7.44498e-21
-6.28942e-10 -5.41363e-10 -3.86938e-10 -2.04253e-10 -3.57988e-11  8.37245e-11  1.36561e-10  1.25352e-10  7.00964e-11   -4.518e-21
-6.36232e-10 -5.47598e-10 -3.91374e-10 -2.06571e-10 -3.61699e-11  8.47298e-11  1.38168e-10   1.2682e-10  7.09155e-11   1.4489e-23
-6.43286e-10 -5.53629e-10 -3.95665e-10 -2.08813e-10 -3.65277e-11  8.57036e-11  1.39724e-10  1.28241e-10  7.17082e-11   2.4006e-23
-6.50101e-10 -5.59455e-10 -3.99809e-10 -2.10977e-10 -3.68719e-11  8.66458e-11  1.41229e-10  1.29614e-10  7.24744e-11 -6.58479e-25
-6.56675e-10 -5.65073e-10 -4.03805e-10 -2.13064e-10 -3.72025e-11  8.75558e-11  1.42681e-10  1.30939e-10  7.32139e-11 -2.74304e-23
-6.63006e-10 -5.70483e-10 -4.07652e-10 -2.15071e-10 -3.75194e-11  8.84334e-11   1.4408e-10  1.32216e-10  7.39262e-11  -1.9098e-24
-6.69093e-10 -5.75681e-10 -4.11348e-10 -2.16999e-10 -3.78225e-11  8.92784e-11  1.45426e-10  1.33444e-10  7.46113e-11 -9.41795e-24
-6.74932e-10 -5.80668e-10 -4.14892e-10 -2.18847e-10 -3.81117e-11  9.00903e-11  1.46719e-10  1.34623e-10  7.52689e-11   -2.344e-23
-6.80522e-10  -5.8544e-10 -4.18284e-10 -2.20615e-10  -3.8387e-11   9.0869e-11  1.47958e-10  1.35753e-10  7.58987e-11  5.86097e-25
-6.85862e-10 -5.89997e-10 -4.21522e-10 -2.22302e-10 -3.86484e-11  9.16142e-11  1.49141e-10  1.36832e-10  7.65007e-11   2.8597e-23
 -6.9095e-10 -5.94337e-10 -4.24605e-10 -2.23907e-10 -3.88956e-11  9.23255e-11  1.50271e-10  1.37861e-10  7.70745e-11   1.1748e-20
-6.95785e-10 -5.98459e-10 -4.27532e-10  -2.2543e-10 -3.91287e-11  9.30029e-11  1.51344e-10  1.38839e-10    7.762e-11 -2.52192e-20
-7.00364e-10 -6.02362e-10 -4.30303e-10  -2.2687e-10 -3.93477e-11   9.3646e-11  1.52363e-10  1.39767e-10   7.8137e-11   1.1698e-20
-7.04686e-10 -6.06044e-10 -4.32916e-10 -2.28228e-10 -3.95525e-11  9.42547e-11  1.53325e-10  1.40643e-10  7.86254e-11 -3.71218e-23
-7.08751e-10 -6.09504e-10 -4.35371e-10 -2.29502e-10 -3.97429e-11  9.48287e-11  1.54231e-10  1.41467e-10   7.9085e-11  1.06692e-23
-7.12556e-10 -6.12742e-10 -4.37667e-10 -2.30693e-10 -3.99191e-11  9.53679e-11  1.55081e-10   1.4224e-10  7.95156e-11 -1.97781e-23
-7.16101e-10 -6.15756e-10 -4.39803e-10   -2.318e-10  -4.0081e-11   9.5872e-11  1.55874e-10  1.42961e-10  7.99172e-11  -2.7466e-23
-7.19386e-10 -6.18546e-10 -4.41779e-10 -2.32822e-10 -4.02285e-11  9.63409e-11   1.5661e-10   1.4363e-10  8.02896e-11 -1.63463e-23
-7.22408e-10  -6.2111e-10 -4.43595e-10  -2.3376e-10 -4.03617e-11  9.67746e-11  1.57289e-10  1.44246e-10  8.06327e-11 -6.04965e-25
-7.25167e-10 -6.23449e-10 -4.45249e-10 -2.34613e-10 -4.04804e-11  9.71727e-11   1.5791e-10   1.4481e-10  8.09465e-11  -1.6093e-23
-7.27663e-10 -6.25561e-10 -4.46742e-10 -2.35381e-10 -4.05847e-11  9.75353e-11  1.58473e-10  1.45321e-10  8.12307e-11 -1.97414e-23
-7.29894e-10 -6.27446e-10 -4.48072e-10 -2.36064e-10 -4.06747e-11  9.78621e-11  1.58979e-10  1.45778e-10  8.14854e-11  4.78607e-23
-7.31861e-10 -6.29104e-10 -4.49241e-10 -2.36662e-10 -4.07502e-11  9.81531e-11  1.59427e-10  1.46183e-10  8.17105e-11 -1.21253e-21
-7.33563e-10 -6.30533e-10 -4.50247e-10 -2.37174e-10 -4.08113e-11  9.84083e-11  1.59817e-10  1.46535e-10  8.19058e-11  6.74416e-22
-7.34999e-10 -6.31735e-10  -4.5109e-10 -2.37601e-10  -4.0858e-11  9.86275e-11  1.60149e-10  1.46834e-10  8.20715e-11 -1.26051e-21
-7.36169e-10 -6.32709e-10  -4.5177e-10 -2.37942e-10 -4.08903e-11  9.88107e-11  1.60423e-10  1.47079e-10  8.22074e-11   1.7438e-24
-7.37073e-10 -6.33454e-10 -4.52287e-10 -2.38197e-10 -4.09083e-11  9.89578e-11  1.60638e-10  1.47271e-10  8.23135e-11  5.67974e-25
-7.37712e-10  -6.3397e-10 -4.52642e-10 -2.38367e-10 -4.09119e-11  9.90688e-11  1.60796e-10   1.4741e-10  8.23898e-11 -3.88398e-23
-7.38084e-10 -6.34258e-10 -4.52834e-10 -2.38452e-10 -4.09011e-11  9.91437e-11  1.60894e-10  1.47495e-10  8.24363e-11 -1.06993e-23
-7.38191e-10 -6.34318e-10 -4.52862e-10 -2.38451e-10 -4.08761e-11  9.91825e-11  1.60935e-10  1.47527e-10  8.24531e-11 -9.62268e-24
-7.38033e-10  -6.3415e-10 -4.52729e-10 -2.38365e-10 -4.08369e-11  9.91853e-11  1.60918e-10  1.47506e-10    8.244e-11 -3.07141e-25
-7.37609e-10 -6.33755e-10 -4.52433e-10 -2.38193e-10 -4.07834e-11  9.91519e-11  1.60842e-10  1.47431e-10  8.23972e-11 -3.30612e-23
 -7.3692e-10 -6.33132e-10 -4.51974e-10 -2.37936e-10 -4.07157e-11  9.90824e-11  1.60708e-10  1.47303e-10  8.23247e-11  1.97047e-23
-7.35967e-10 -6.32282e-10 -4.51354e-10 -2.37595e-10  -4.0634e-11   9.8977e-11  1.60516e-10  1.47122e-10  8.22226e-11  3.18686e-23
 -7.3475e-10 -6.31205e-10 -4.50573e-10 -2.37169e-10 -4.05382e-11  9.88357e-11  1.60266e-10  1.46889e-10  8.20909e-11  8.65232e-21
 -7.3327e-10 -6.29903e-10 -4.49631e-10 -2.36658e-10 -4.04284e-11  9.86584e-11  1.59959e-10  1.46602e-10  8.19296e-11  -1.9087e-20
-7.31529e-10 -6.28376e-10 -4.48528e-10 -2.36063e-10 -4.03047e-11  9.84454e-11  1.59593e-10  1.46263e-10   8.1739e-11  8.63645e-21
-7.29526e-10 -6.26625e-10 -4.47265e-10 -2.35385e-10 -4.01671e-11  9.81967e-11  1.59171e-10  1.45871e-10   8.1519e-11 -4.11882e-23
-7.27262e-10  -6.2465e-10 -4.45844e-10 -2.34622e-10 -4.00157e-11  9.79125e-11  1.58691e-10  1.45426e-10  8.12698e-11 -1.03792e-23
-7.24739e-10 -6.22453e-10 -4.44263e-10 -2.33777e-10 -3.98506e-11  9.75929e-11  1.58154e-10   1.4493e-10  8.09914e-11 -8.79243e-24
-7.21959e-10 -6.20034e-10 -4.42525e-10 -2.32849e-10 -3.96719e-11  9.72379e-11  1.57561e-10  1.44382e-10  8.06841e-11 -1.66923e-23
-7.18921e-10 -6.17395e-10  -4.4063e-10 -2.31839e-10 -3.94796e-11  9.68478e-11  1.56911e-10  1.43782e-10  8.03479e-11  2.15605e-23
-7.15628e-10 -6.14537e-10 -4.38579e-10 -2.30747e-10 -3.92739e-11  9.64227e-11  1.56204e-10   1.4313e-10   7.9983e-11 -2.87816e-23
-7.12081e-10 -6.11461e-10 -4.36372e-10 -2.29573e-10 -3.90549e-11  9.59629e-11  1.55442e-10  1.42428e-10  7.95896e-11 -4.11569e-23
-7.08282e-10 -6.08168e-10 -4.34011e-10 -2.28319e-10 -3.88226e-11  9.54684e-11  1.54624e-10  1.41675e-10  7.91678e-11 -8.48831e-24
-7.04232e-10  -6.0466e-10 -4.31497e-10 -2.26984e-10 -3.85771e-11  9.49396e-11  1.53751e-10  1.40871e-10  7.87178e-11  1.19602e-24
-6.99932e-10 -6.00939e-10  -4.2883e-10 -2.25569e-10 -3.83186e-11  9.43766e-11  1.52823e-10  1.40017e-10  7.82397e-11  1.76667e-21
-6.95385e-10 -5.97005e-10 -4.26012e-10 -2.24076e-10 -3.80472e-11  9.37796e-11  1.51841e-10  1.39113e-10  7.77339e-11 -5.20226e-21
-6.90592e-10 -5.92861e-10 -4.23045e-10 -2.22503e-10  -3.7763e-11  9.31489e-11  1.50804e-10   1.3816e-10  7.72004e-11  1.69731e-21
-6.85556e-10 -5.88507e-10 -4.19928e-10 -2.20853e-10 -3.74661e-11  9.24848e-11  1.49714e-10  1.37157e-10  7.66396e-11  1.20066e-23
-6.80279e-10 -5.83947e-10 -4.16664e-10 -2.19126e-10 -3.71566e-11  9.17874e-11  1.48571e-10  1.36106e-10  7.60515e-11 -4.78388e-23
-6.74762e-10 -5.79182e-10 -4.13254e-10 -2.17322e-10 -3.68346e-11  9.10572e-11  1.47374e-10  1.35007e-10  7.54366e-11 -9.41219e-24
-6.69008e-10 -5.74213e-10 -4.09699e-10 -2.15442e-10 -3.65004e-11  9.02944e-11  1.46126e-10   1.3386e-10  7.47949e-11  1.88797e-23
-6.63018e-10 -5.69043e-10 -4.06001e-10 -2.13488e-10  -3.6154e-11  8.94992e-11  1.44825e-10  1.32665e-10  7.41269e-11 -4.53073e-24
-6.56797e-10 -5.63673e-10  -4.0216e-10 -2.11459e-10 -3.57955e-11  8.86721e-11  1.43474e-10  1.31424e-10  7.34326e-11 -2.32832e-23
-6.50345e-10 -5.58106e-10  -3.9818e-10 -2.09356e-10 -3.54252e-11  8.78132e-11  1.42071e-10  1.30137e-10  7.27125e-11 -1.23119e-23
-6.43666e-10 -5.52345e-10  -3.9406e-10 -2.07181e-10 -3.50431e-11  8.69231e-11  1.40619e-10  1.28803e-10  7.19668e-11 -9.35645e-24
-6.36762e-10 -5.46391e-10 -3.89804e-10 -2.04934e-10 -3.46495e-11  8.60019e-11  1.39116e-10  1.27424e-10  7.11957e-11 -3.99214e-24
-6.29635e-10 -5.40246e-10 -3.85411e-10 -2.02616e-10 -3.42444e-11  8.50502e-11  1.37565e-10     1.26e-10  7.03997e-11  1.63002e-20
-6.22289e-10 -5.33913e-10 -3.80885e-10 -2.00228e-10  -3.3828e-11  8.40681e-11  1.35965e-10  1.24532e-10  6.95789e-11 -4.03821e-21
-6.14726e-10 -5.27395e-10 -3.76227e-10 -1.97772e-10 -3.34005e-11  8.30562e-11  1.34318e-10  1.23021e-10  6.87338e-11  1.62661e-20
 -6.0695e-10 -5.20694e-10 -3.71439e-10 -1.95247e-10  -3.2962e-11  8.20149e-11  1.32623e-10  1.21466e-10  6.78646e-11 -5.79147e-23
-5.98963e-10 -5.13812e-10 -3.66522e-10 -1.92654e-10 -3.25128e-11  8.09444e-11  1.30882e-10  1.19869e-10  6.69717e-11 -1.00596e-23
-5.90768e-10 -5.06752e-10 -3.61479e-10 -1.89996e-10 -3.20529e-11  7.98453e-11  1.29094e-10   1.1823e-10  6.60554e-11 -9.39768e-24
-5.82369e-10 -4.99518e-10 -3.56311e-10 -1.87273e-10 -3.15826e-11   7.8718e-11  1.27262e-10  1.16549e-10   6.5116e-11 -6.99166e-24
-5.73768e-10 -4.92111e-10  -3.5102e-10 -1.84485e-10  -3.1102e-11  7.75628e-11  1.25385e-10  1.14828e-10  6.41541e-11 -4.83379e-24
-5.64969e-10 -4.84535e-10 -3.45609e-10 -1.81634e-10 -3.06113e-11  7.63804e-11  1.23465e-10  1.13067e-10  6.31698e-11 -9.79377e-24
-5.55975e-10 -4.76792e-10 -3.40079e-10 -1.78722e-10 -3.01107e-11   7.5171e-11  1.21501e-10  1.11267e-10  6.21636e-11 -2.07354e-25
 -5.4679e-10 -4.68885e-10 -3.34433e-10 -1.75748e-10 -2.96004e-11  7.39351e-11  1.19496e-10  1.09428e-10  6.11359e-11  3.53098e-26
-5.37417e-10 -4.60817e-10 -3.28673e-10 -1.72715e-10 -2.90805e-11  7.26734e-11  1.17448e-10  1.07552e-10   6.0087e-11 -2.33793e-23
-5.27859e-10 -4.52592e-10   -3.228e-10 -1.69623e-10 -2.85513e-11  7.13861e-11   1.1536e-10  1.05638e-10  5.90174e-11  1.03508e-20
-5.18121e-10 -4.44213e-10 -3.16817e-10 -1.66474e-10  -2.8013e-11  7.00739e-11  1.13232e-10  1.03688e-10  5.79274e-11  3.08911e-21
-5.08205e-10 -4.35682e-10 -3.10727e-10 -1.63269e-10 -2.74657e-11  6.87371e-11  1.11065e-10  1.01702e-10  5.68175e-11  1.02688e-20
-4.98116e-10 -4.27003e-10 -3.04531e-10 -1.60008e-10 -2.69096e-11  6.73764e-11   1.0886e-10  9.96806e-11  5.56882e-11  1.12373e-23
-4.87857e-10 -4.18178e-10 -2.98233e-10 -1.56694e-10  -2.6345e-11  6.59923e-11  1.06617e-10  9.76254e-11  5.45397e-11  5.55356e-24
-4.77432e-10 -4.09213e-10 -2.91833e-10 -1.53327e-10  -2.5772e-11  6.45852e-11  1.04338e-10  9.55369e-11  5.33726e-11 -1.01521e-23
-4.66845e-10 -4.00109e-10 -2.85336e-10 -1.49909e-10 -2.51909e-11  6.31558e-11  1.02023e-10  9.34157e-11  5.21873e-11 -2.08721e-23
-4.56099e-10  -3.9087e-10 -2.78742e-10 -1.46441e-10 -2.46018e-11  6.17045e-11  9.96728e-11  9.12626e-11  5.09842e-11 -9.41374e-24
  -4.452e-10 -3.81499e-10 -2.72055e-10 -1.42923e-10  -2.4005e-11  6.02319e-11  9.72889e-11  8.90786e-11  4.97638e-11 -1.41527e-23
 -4.3415e-10 -3.72001e-10 -2.65277e-10 -1.39359e-10 -2.34007e-11  5.87385e-11  9.48718e-11  8.68644e-11  4.85266e-11 -1.63903e-23
-4.22954e-10 -3.62378e-10  -2.5841e-10 -1.35748e-10 -2.27891e-11   5.7225e-11  9.24226e-11  8.46207e-11  4.72729e-11 -8.97922e-24
-4.11616e-10 -3.52635e-10 -2.51458e-10 -1.32093e-10 -2.21703e-11  5.56919e-11  8.99421e-11  8.23486e-11  4.60034e-11 -1.46833e-23
 -4.0014e-10 -3.42774e-10 -2.44422e-10 -1.28393e-10 -2.15448e-11  5.41398e-11  8.74313e-11  8.00488e-11  4.47184e-11  5.82917e-21
 -3.8853e-10 -3.32799e-10 -2.37306e-10 -1.24652e-10 -2.09125e-11  5.25693e-11   8.4891e-11  7.77221e-11  4.34184e-11 -1.26113e-20
-3.76791e-10 -3.22714e-10 -2.30111e-10  -1.2087e-10 -2.02739e-11  5.09809e-11  8.23224e-11  7.53695e-11   4.2104e-11  5.80648e-21
-3.64927e-10 -3.12524e-10 -2.22841e-10 -1.17049e-10  -1.9629e-11  4.93753e-11  7.97263e-11  7.29918e-11  4.07756e-11 -4.65943e-24
-3.52941e-10  -3.0223e-10 -2.15498e-10  -1.1319e-10 -1.89782e-11  4.77531e-11  7.71036e-11    7.059e-11  3.94337e-11  9.37845e-24
-3.40839e-10 -2.91839e-10 -2.08085e-10 -1.09294e-10 -1.83216e-11  4.61148e-11  7.44554e-11  6.81648e-11  3.80787e-11  -9.5379e-24
-3.28625e-10 -2.81352e-10 -2.00605e-10 -1.05363e-10 -1.76595e-11  4.44611e-11  7.17827e-11  6.57172e-11  3.67113e-11 -5.55304e-24
-3.16303e-10 -2.70774e-10  -1.9306e-10 -1.01398e-10  -1.6992e-11  4.27927e-11  6.90864e-11  6.32482e-11  3.53319e-11 -4.43177e-24
-3.03877e-10 -2.60109e-10 -1.85454e-10 -9.74009e-11 -1.63196e-11  4.11101e-11  6.63676e-11  6.07585e-11   3.3941e-11 -4.23464e-24
-2.91352e-10 -2.49361e-10 -1.77788e-10 -9.33732e-11 -1.56422e-11  3.94139e-11  6.36272e-11  5.82492e-11  3.25392e-11  -2.9101e-24
-2.78733e-10 -2.38533e-10 -1.70066e-10  -8.9316e-11 -1.49603e-11  3.77049e-11  6.08663e-11  5.57212e-11  3.11269e-11 -5.29681e-24
-2.66024e-10  -2.2763e-10  -1.6229e-10  -8.5231e-11 -1.42741e-11  3.59836e-11  5.80859e-11  5.31754e-11  2.97047e-11 -1.91174e-23
 -2.5323e-10 -2.16656e-10 -1.54464e-10 -8.11196e-11 -1.35837e-11  3.42508e-11   5.5287e-11  5.06128e-11   2.8273e-11 -2.03161e-22
-2.40355e-10 -2.05614e-10  -1.4659e-10 -7.69833e-11 -1.28894e-11  3.25069e-11  5.24707e-11  4.80342e-11  2.68325e-11 -1.72914e-22
-2.27403e-10 -1.94509e-10 -1.38671e-10 -7.28236e-11 -1.21914e-11  3.07528e-11   4.9638e-11  4.54407e-11  2.53837e-11  -2.2651e-22
-2.14379e-10 -1.83345e-10  -1.3071e-10  -6.8642e-11   -1.149e-11   2.8989e-11  4.67899e-11  4.28332e-11  2.39271e-11 -4.22602e-24
-2.01289e-10 -1.72125e-10  -1.2271e-10 -6.44399e-11 -1.07855e-11  2.72163e-11  4.39275e-11  4.02126e-11  2.24631e-11  5.00244e-24
-1.88136e-10 -1.60854e-10 -1.14674e-10  -6.0219e-11  -1.0078e-11  2.54352e-11  4.10519e-11    3.758e-11  2.09925e-11 -2.43966e-24
-1.74924e-10 -1.49536e-10 -1.06604e-10 -5.59807e-11 -9.36782e-12  2.36464e-11  3.81641e-11  3.49362e-11  1.95156e-11 -3.90743e-25
 -1.6166e-10 -1.38176e-10 -9.85038e-11 -5.17266e-11 -8.65518e-12  2.18507e-11  3.52652e-11  3.22823e-11  1.80331e-11  4.77961e-24
-1.48347e-10 -1.26776e-10 -9.03762e-11 -4.74582e-11 -7.94032e-12  2.00486e-11  3.23562e-11  2.96193e-11  1.65455e-11   1.3413e-24
-1.34989e-10 -1.15341e-10 -8.22241e-11  -4.3177e-11 -7.22349e-12  1.82408e-11  2.94382e-11   2.6948e-11  1.50533e-11 -1.18117e-23
-1.21592e-10 -1.03876e-10 -7.40503e-11 -3.88845e-11 -6.50494e-12  1.64281e-11  2.65123e-11  2.42695e-11   1.3557e-11  8.77377e-24
-1.08161e-10 -9.23847e-11 -6.58578e-11 -3.45823e-11 -5.78489e-12   1.4611e-11  2.35796e-11  2.15848e-11  1.20573e-11  -1.0702e-24
-9.46985e-11 -8.08709e-11 -5.76497e-11  -3.0272e-11 -5.06359e-12  1.27903e-11  2.06411e-11  1.88948e-11  1.05547e-11 -8.31989e-25
-8.12108e-11  -6.9339e-11 -4.94287e-11  -2.5955e-11  -4.3413e-12  1.09667e-11  1.76978e-11  1.62006e-11  9.04965e-12 -1.25035e-24
-6.77019e-11 -5.77931e-11 -4.11979e-11 -2.16329e-11 -3.61824e-12  9.14069e-12   1.4751e-11   1.3503e-11  7.54279e-12 -9.35284e-27
-5.41765e-11 -4.62375e-11 -3.29603e-11 -1.73073e-11 -2.89466e-12   7.3131e-12  1.18016e-11  1.08031e-11  6.03463e-12 -1.17931e-24
-4.06391e-11 -3.46762e-11 -2.47188e-11 -1.29797e-11 -2.17081e-12  5.48457e-12  8.85075e-12  8.10191e-12  4.52573e-12  4.07391e-23
-2.70942e-11 -2.31135e-11 -1.64763e-11 -8.65159e-12 -1.44692e-12  3.65577e-12  5.89949e-12  5.40035e-12  3.01663e-12 -4.20333e-25
-1.35464e-11 -1.15534e-11 -8.23579e-12 -4.32455e-12 -7.23246e-13  1.82737e-12  2.94891e-12  2.69941e-12  1.50789e-12            0
 3.33837e-24 -1.74097e-23  3.32674e-25 -1.67057e-22  1.57545e-21 -6.97962e-21  4.16807e-24 -6.90715e-22  1.97802e-24            0