        1         1         1         1         1
        1         1         1         1         1
        1         1         1         1         1
        1         1         1         1         1
        1         1         1         1         1
        1         1         1         1         1
        1         1         1         1         1
        1         1         1         1         1
        1         1         1         1         1
        1         1         1         1         1
        1         1         1         1         1
        1         1         1         1         1
        1         1         1         1         1
        1         1         1         1         1
        1         1         1         1         1
        1         1         1         1         1
        1         1         1         1         1
 0.999999  0.999999  0.999999  0.999999  0.999999
 0.999014  0.999014  0.999014  0.999014  0.999014
0.0123388 0.0123388 0.0123388 0.0123388 0.0123351