-8.12213e-15 -6.97306e-15 -4.97566e-15 -2.62017e-15 -4.63417e-16
-2.06563e-14  -1.7734e-14 -1.26541e-14 -6.66363e-15 -1.17857e-15
-3.31972e-14 -2.85016e-14 -2.03394e-14 -1.07139e-14 -1.90049e-15
-4.57383e-14 -3.92695e-14 -2.80249e-14 -1.47644e-14 -2.62267e-15
-5.82795e-14 -5.00374e-14 -3.57104e-14 -1.88149e-14 -3.34485e-15
-7.08206e-14 -6.08053e-14 -4.33959e-14 -2.28653e-14 -4.06703e-15
-8.33617e-14 -7.15732e-14 -5.10814e-14 -2.69158e-14  -4.7892e-15
-9.59028e-14 -8.23411e-14 -5.87668e-14 -3.09663e-14 -5.51137e-15
-1.08444e-13 -9.31089e-14 -6.64523e-14 -3.50168e-14 -6.23353e-15
-1.20985e-13 -1.03877e-13 -7.41377e-14 -3.90672e-14 -6.95568e-15
-1.33526e-13 -1.14644e-13 -8.18231e-14 -4.31177e-14 -7.67782e-15
-1.46067e-13 -1.25412e-13 -8.95085e-14 -4.71681e-14 -8.39995e-15
-1.58608e-13  -1.3618e-13 -9.71939e-14 -5.12185e-14 -9.12208e-15
-1.71149e-13 -1.46948e-13 -1.04879e-13 -5.52689e-14 -9.84419e-15
-1.83689e-13 -1.57715e-13 -1.12565e-13 -5.93193e-14 -1.05663e-14
 -1.9623e-13 -1.68483e-13  -1.2025e-13 -6.33697e-14 -1.12884e-14
-2.08771e-13  -1.7925e-13 -1.27935e-13 -6.74201e-14 -1.20104e-14
-2.21312e-13 -1.90018e-13  -1.3562e-13 -7.14704e-14 -1.27325e-14
-2.33852e-13 -2.00785e-13 -1.43305e-13 -7.55207e-14 -1.34545e-14
-2.46393e-13 -2.11553e-13 -1.50991e-13  -7.9571e-14 -1.41766e-14
-2.58933e-13  -2.2232e-13 -1.58676e-13 -8.36213e-14 -1.48986e-14
-2.71474e-13 -2.33087e-13 -1.66361e-13 -8.76716e-14 -1.56206e-14
-2.84014e-13 -2.43855e-13 -1.74046e-13 -9.17218e-14 -1.63425e-14
-2.96554e-13 -2.54622e-13 -1.81731e-13  -9.5772e-14 -1.70645e-14
-3.09095e-13 -2.65389e-13 -1.89416e-13 -9.98222e-14 -1.77864e-14
-3.21635e-13 -2.76156e-13 -1.97101e-13 -1.03872e-13 -1.85083e-14
-3.34175e-13 -2.86923e-13 -2.04785e-13 -1.07923e-13 -1.92302e-14
-3.46715e-13  -2.9769e-13  -2.1247e-13 -1.11973e-13  -1.9952e-14
-3.59255e-13 -3.08457e-13 -2.20155e-13 -1.16023e-13 -2.06739e-14
-3.71795e-13 -3.19223e-13  -2.2784e-13 -1.20073e-13 -2.13957e-14
-3.84334e-13  -3.2999e-13 -2.35524e-13 -1.24123e-13 -2.21174e-14
-3.96874e-13 -3.40757e-13 -2.43209e-13 -1.28173e-13 -2.28392e-14
-4.09413e-13 -3.51523e-13 -2.50893e-13 -1.32223e-13 -2.35609e-14
-4.21953e-13  -3.6229e-13 -2.58578e-13 -1.36273e-13 -2.42826e-14
-4.34492e-13 -3.73056e-13 -2.66262e-13 -1.40323e-13 -2.50043e-14
-4.47031e-13 -3.83822e-13 -2.73946e-13 -1.44372e-13 -2.57259e-14
 -4.5957e-13 -3.94588e-13 -2.81631e-13 -1.48422e-13 -2.64475e-14
-4.72109e-13 -4.05354e-13 -2.89315e-13 -1.52472e-13 -2.71691e-14
-4.84648e-13  -4.1612e-13 -2.96999e-13 -1.56522e-13 -2.78906e-14
-4.97187e-13 -4.26886e-13 -3.04683e-13 -1.60572e-13 -2.86121e-14
-5.09726e-13 -4.37652e-13 -3.12367e-13 -1.64621e-13 -2.93336e-14
-5.22264e-13 -4.48417e-13 -3.20051e-13 -1.68671e-13  -3.0055e-14
-5.34802e-13 -4.59183e-13 -3.27735e-13  -1.7272e-13 -3.07764e-14
-5.47341e-13 -4.69948e-13 -3.35418e-13  -1.7677e-13 -3.14977e-14
-5.59879e-13 -4.80714e-13 -3.43102e-13 -1.80819e-13  -3.2219e-14
-5.72417e-13 -4.91479e-13 -3.50785e-13 -1.84869e-13 -3.29403e-14
-5.84955e-13 -5.02244e-13 -3.58469e-13 -1.88918e-13 -3.36615e-14
-5.97492e-13 -5.13009e-13 -3.66152e-13 -1.92968e-13 -3.43827e-14
 -6.1003e-13 -5.23774e-13 -3.73836e-13 -1.97017e-13 -3.51038e-14
-6.22567e-13 -5.34538e-13 -3.81519e-13 -2.01066e-13 -3.58249e-14
-6.35104e-13 -5.45303e-13 -3.89202e-13 -2.05115e-13  -3.6546e-14
-6.47641e-13 -5.56067e-13 -3.96885e-13 -2.09165e-13  -3.7267e-14
-6.60178e-13 -5.66831e-13 -4.04568e-13 -2.13214e-13  -3.7988e-14
-6.72715e-13 -5.77596e-13 -4.12251e-13 -2.17263e-13 -3.87089e-14
-6.85252e-13  -5.8836e-13 -4.19933e-13 -2.21312e-13 -3.94298e-14
-6.97788e-13 -5.99123e-13 -4.27616e-13 -2.25361e-13 -4.01506e-14
-7.10324e-13 -6.09887e-13 -4.35298e-13  -2.2941e-13 -4.08713e-14
 -7.2286e-13 -6.20651e-13 -4.42981e-13 -2.33459e-13 -4.15921e-14
-7.35396e-13 -6.31414e-13 -4.50663e-13 -2.37507e-13 -4.23127e-14
-7.47932e-13 -6.42177e-13 -4.58345e-13 -2.41556e-13 -4.30333e-14
-7.60468e-13  -6.5294e-13 -4.66027e-13 -2.45605e-13 -4.37539e-14
-7.73003e-13 -6.63703e-13 -4.73709e-13 -2.49653e-13 -4.44744e-14
-7.85538e-13 -6.74466e-13 -4.81391e-13 -2.53702e-13 -4.51948e-14
-7.98073e-13 -6.85229e-13 -4.89073e-13  -2.5775e-13 -4.59152e-14
-8.10608e-13 -6.95991e-13 -4.96754e-13 -2.61799e-13 -4.66356e-14
-8.23142e-13 -7.06753e-13 -5.04436e-13 -2.65847e-13 -4.73558e-14
-8.35677e-13 -7.17515e-13 -5.12117e-13 -2.69895e-13 -4.80761e-14
-8.48211e-13 -7.28277e-13 -5.19798e-13 -2.73944e-13 -4.87962e-14
-8.60745e-13 -7.39039e-13 -5.27479e-13 -2.77992e-13 -4.95163e-14
-8.73279e-13   -7.498e-13  -5.3516e-13  -2.8204e-13 -5.02364e-14
-8.85812e-13 -7.60562e-13 -5.42841e-13 -2.86088e-13 -5.09563e-14
-8.98346e-13 -7.71323e-13 -5.50522e-13 -2.90136e-13 -5.16762e-14
-9.10879e-13 -7.82084e-13 -5.58202e-13 -2.94184e-13 -5.23961e-14
-9.23412e-13 -7.92845e-13 -5.65883e-13 -2.98232e-13 -5.31159e-14
-9.35944e-13 -8.03605e-13 -5.73563e-13 -3.02279e-13 -5.38356e-14
-9.48477e-13 -8.14366e-13 -5.81243e-13 -3.06327e-13 -5.45552e-14
-9.61009e-13 -8.25126e-13 -5.88923e-13 -3.10374e-13 -5.52748e-14
-9.73541e-13 -8.35886e-13 -5.96603e-13 -3.14422e-13 -5.59943e-14
-9.86073e-13 -8.46646e-13 -6.04283e-13 -3.18469e-13 -5.67137e-14
-9.98604e-13 -8.57405e-13 -6.11962e-13 -3.22517e-13 -5.74331e-14
-1.01114e-12 -8.68165e-13 -6.19642e-13 -3.26564e-13 -5.81524e-14
-1.02367e-12 -8.78924e-13 -6.27321e-13 -3.30611e-13 -5.88716e-14
 -1.0362e-12 -8.89683e-13    -6.35e-13 -3.34658e-13 -5.95908e-14
-1.04873e-12 -9.00442e-13 -6.42679e-13 -3.38705e-13 -6.03099e-14
-1.06126e-12   -9.112e-13 -6.50358e-13 -3.42752e-13 -6.10289e-14
-1.07379e-12 -9.21959e-13 -6.58037e-13 -3.46799e-13 -6.17478e-14
-1.08632e-12 -9.32717e-13 -6.65715e-13 -3.50846e-13 -6.24666e-14
-1.09885e-12 -9.43475e-13 -6.73394e-13 -3.54893e-13 -6.31854e-14
-1.11138e-12 -9.54232e-13 -6.81072e-13 -3.58939e-13 -6.39041e-14
-1.12391e-12  -9.6499e-13  -6.8875e-13 -3.62986e-13 -6.46227e-14
-1.13643e-12 -9.75747e-13 -6.96428e-13 -3.67032e-13 -6.53412e-14
-1.14896e-12 -9.86504e-13 -7.04105e-13 -3.71079e-13 -6.60597e-14
-1.16149e-12  -9.9726e-13 -7.11783e-13 -3.75125e-13 -6.67781e-14
-1.17402e-12 -1.00802e-12  -7.1946e-13 -3.79171e-13 -6.74964e-14
-1.18655e-12 -1.01877e-12 -7.27137e-13 -3.83217e-13 -6.82146e-14
-1.19907e-12 -1.02953e-12 -7.34814e-13 -3.87263e-13 -6.89327e-14
 -1.2116e-12 -1.04028e-12 -7.42491e-13 -3.91309e-13 -6.96507e-14
-1.22413e-12 -1.05104e-12 -7.50168e-13 -3.95355e-13 -7.03686e-14
-1.23665e-12  -1.0618e-12 -7.57844e-13   -3.994e-13 -7.10865e-14
-1.24918e-12 -1.07255e-12  -7.6552e-13 -4.03446e-13 -7.18043e-14
 -1.2617e-12  -1.0833e-12 -7.73196e-13 -4.07491e-13 -7.25219e-14
-1.27423e-12 -1.09406e-12 -7.80872e-13 -4.11537e-13 -7.32395e-14
-1.28676e-12 -1.10481e-12 -7.88548e-13 -4.15582e-13  -7.3957e-14
-1.29928e-12 -1.11557e-12 -7.96223e-13 -4.19627e-13 -7.46744e-14
 -1.3118e-12 -1.12632e-12 -8.03899e-13 -4.23672e-13 -7.53917e-14
-1.32433e-12 -1.13707e-12 -8.11574e-13 -4.27717e-13  -7.6109e-14
-1.33685e-12 -1.14783e-12 -8.19249e-13 -4.31762e-13 -7.68261e-14
-1.34938e-12 -1.15858e-12 -8.26923e-13 -4.35807e-13 -7.75431e-14
 -1.3619e-12 -1.16933e-12 -8.34598e-13 -4.39852e-13   -7.826e-14
-1.37442e-12 -1.18008e-12 -8.42272e-13 -4.43896e-13 -7.89769e-14
-1.38695e-12 -1.19084e-12 -8.49946e-13 -4.47941e-13 -7.96936e-14
-1.39947e-12 -1.20159e-12  -8.5762e-13 -4.51985e-13 -8.04102e-14
-1.41199e-12 -1.21234e-12 -8.65294e-13 -4.56029e-13 -8.11268e-14
-1.42451e-12 -1.22309e-12 -8.72967e-13 -4.60073e-13 -8.18432e-14
-1.43703e-12 -1.23384e-12 -8.80641e-13 -4.64117e-13 -8.25595e-14
-1.44955e-12 -1.24459e-12 -8.88314e-13 -4.68161e-13 -8.32758e-14
-1.46207e-12 -1.25534e-12 -8.95986e-13 -4.72205e-13 -8.39919e-14
-1.47459e-12 -1.26609e-12 -9.03659e-13 -4.76249e-13 -8.47079e-14
-1.48711e-12 -1.27684e-12 -9.11331e-13 -4.80292e-13 -8.54238e-14
-1.49963e-12 -1.28759e-12 -9.19004e-13 -4.84336e-13 -8.61396e-14
-1.51215e-12 -1.29834e-12 -9.26676e-13 -4.88379e-13 -8.68553e-14
-1.52467e-12 -1.30909e-12 -9.34347e-13 -4.92422e-13 -8.75709e-14
-1.53719e-12 -1.31984e-12 -9.42019e-13 -4.96465e-13 -8.82864e-14
-1.54971e-12 -1.33058e-12  -9.4969e-13 -5.00508e-13 -8.90018e-14
-1.56222e-12 -1.34133e-12 -9.57361e-13 -5.04551e-13  -8.9717e-14
-1.57474e-12 -1.35208e-12 -9.65032e-13 -5.08594e-13 -9.04322e-14
-1.58726e-12 -1.36283e-12 -9.72703e-13 -5.12636e-13 -9.11472e-14
-1.59978e-12 -1.37357e-12 -9.80373e-13 -5.16679e-13 -9.18621e-14
-1.61229e-12 -1.38432e-12 -9.88043e-13 -5.20721e-13 -9.25769e-14
-1.62481e-12 -1.39507e-12 -9.95713e-13 -5.24763e-13 -9.32916e-14
-1.63732e-12 -1.40581e-12 -1.00338e-12 -5.28805e-13 -9.40062e-14
-1.64984e-12 -1.41656e-12 -1.01105e-12 -5.32847e-13 -9.47207e-14
-1.66235e-12  -1.4273e-12 -1.01872e-12 -5.36889e-13  -9.5435e-14
-1.67487e-12 -1.43805e-12 -1.02639e-12 -5.40931e-13 -9.61492e-14
-1.68738e-12 -1.44879e-12 -1.03406e-12 -5.44972e-13 -9.68633e-14
-1.69989e-12 -1.45953e-12 -1.04173e-12 -5.49014e-13 -9.75773e-14
-1.71241e-12 -1.47028e-12  -1.0494e-12 -5.53055e-13 -9.82912e-14
-1.72492e-12 -1.48102e-12 -1.05706e-12 -5.57096e-13 -9.90049e-14
-1.73743e-12 -1.49176e-12 -1.06473e-12 -5.61137e-13 -9.97185e-14
-1.74994e-12 -1.50251e-12  -1.0724e-12 -5.65178e-13 -1.00432e-13
-1.76245e-12 -1.51325e-12 -1.08007e-12 -5.69219e-13 -1.01145e-13
-1.77496e-12 -1.52399e-12 -1.08773e-12  -5.7326e-13 -1.01859e-13
-1.78747e-12 -1.53473e-12  -1.0954e-12   -5.773e-13 -1.02572e-13
-1.79998e-12 -1.54547e-12 -1.10306e-12  -5.8134e-13 -1.03285e-13
-1.81249e-12 -1.55621e-12 -1.11073e-12 -5.85381e-13 -1.03998e-13
  -1.825e-12 -1.56695e-12  -1.1184e-12 -5.89421e-13  -1.0471e-13
-1.83751e-12 -1.57769e-12 -1.12606e-12 -5.93461e-13 -1.05423e-13
-1.85002e-12 -1.58843e-12 -1.13373e-12   -5.975e-13 -1.06135e-13
-1.86253e-12 -1.59917e-12 -1.14139e-12  -6.0154e-13 -1.06848e-13
-1.87504e-12 -1.60991e-12 -1.14906e-12 -6.05579e-13  -1.0756e-13
-1.88754e-12 -1.62065e-12 -1.15672e-12 -6.09619e-13 -1.08272e-13
-1.90005e-12 -1.63139e-12 -1.16439e-12 -6.13658e-13 -1.08984e-13
-1.91255e-12 -1.64213e-12 -1.17205e-12 -6.17697e-13 -1.09696e-13
-1.92506e-12 -1.65286e-12 -1.17971e-12 -6.21736e-13 -1.10407e-13
-1.93756e-12  -1.6636e-12 -1.18738e-12 -6.25775e-13 -1.11119e-13
-1.95007e-12 -1.67434e-12 -1.19504e-12 -6.29813e-13  -1.1183e-13
-1.96257e-12 -1.68507e-12  -1.2027e-12 -6.33852e-13 -1.12541e-13
-1.97508e-12 -1.69581e-12 -1.21036e-12  -6.3789e-13 -1.13253e-13
-1.98758e-12 -1.70654e-12 -1.21803e-12 -6.41928e-13 -1.13964e-13
-2.00008e-12 -1.71728e-12 -1.22569e-12 -6.45966e-13 -1.14674e-13
-2.01258e-12 -1.72801e-12 -1.23335e-12 -6.50004e-13 -1.15385e-13
-2.02509e-12 -1.73875e-12 -1.24101e-12 -6.54041e-13 -1.16096e-13
-2.03759e-12 -1.74948e-12 -1.24867e-12 -6.58079e-13 -1.16806e-13
-2.05009e-12 -1.76021e-12 -1.25633e-12 -6.62116e-13 -1.17516e-13
-2.06259e-12 -1.77095e-12 -1.26399e-12 -6.66153e-13 -1.18226e-13
-2.07509e-12 -1.78168e-12 -1.27165e-12  -6.7019e-13 -1.18936e-13
-2.08759e-12 -1.79241e-12 -1.27931e-12 -6.74227e-13 -1.19646e-13
-2.10009e-12 -1.80314e-12 -1.28697e-12 -6.78264e-13 -1.20356e-13
-2.11258e-12 -1.81387e-12 -1.29463e-12   -6.823e-13 -1.21065e-13
-2.12508e-12  -1.8246e-12 -1.30229e-12 -6.86337e-13 -1.21775e-13
-2.13758e-12 -1.83533e-12 -1.30995e-12 -6.90373e-13 -1.22484e-13
-2.15008e-12 -1.84606e-12 -1.31761e-12 -6.94409e-13 -1.23193e-13
-2.16257e-12 -1.85679e-12 -1.32527e-12 -6.98445e-13 -1.23902e-13
-2.17507e-12 -1.86752e-12 -1.33292e-12  -7.0248e-13  -1.2461e-13
-2.18756e-12 -1.87825e-12 -1.34058e-12 -7.06516e-13 -1.25319e-13
-2.20006e-12 -1.88898e-12 -1.34824e-12 -7.10551e-13 -1.26027e-13
-2.21255e-12  -1.8997e-12 -1.35589e-12 -7.14586e-13 -1.26736e-13
-2.22505e-12 -1.91043e-12 -1.36355e-12 -7.18621e-13 -1.27444e-13
-2.23754e-12 -1.92116e-12 -1.37121e-12 -7.22656e-13 -1.28152e-13
-2.25003e-12 -1.93188e-12 -1.37886e-12 -7.26691e-13 -1.28859e-13
-2.26252e-12 -1.94261e-12 -1.38652e-12 -7.30725e-13 -1.29567e-13
-2.27501e-12 -1.95333e-12 -1.39417e-12 -7.34759e-13 -1.30275e-13
 -2.2875e-12 -1.96406e-12 -1.40183e-12 -7.38794e-13 -1.30982e-13
-2.29999e-12 -1.97478e-12 -1.40948e-12 -7.42828e-13 -1.31689e-13
-2.31248e-12 -1.98551e-12 -1.41713e-12 -7.46861e-13 -1.32396e-13
-2.32497e-12 -1.99623e-12 -1.42479e-12 -7.50895e-13 -1.33103e-13
-2.33746e-12 -2.00695e-12 -1.43244e-12 -7.54928e-13 -1.33809e-13
-2.34995e-12 -2.01767e-12 -1.44009e-12 -7.58961e-13 -1.34516e-13
-2.36244e-12  -2.0284e-12 -1.44775e-12 -7.62994e-13 -1.35222e-13
-2.37492e-12 -2.03912e-12  -1.4554e-12 -7.67027e-13 -1.35928e-13
-2.38741e-12 -2.04984e-12 -1.46305e-12  -7.7106e-13 -1.36634e-13
 -2.3999e-12 -2.06056e-12  -1.4707e-12 -7.75092e-13  -1.3734e-13
-2.41238e-12 -2.07128e-12 -1.47835e-12 -7.79125e-13 -1.38046e-13
-2.42487e-12   -2.082e-12   -1.486e-12 -7.83157e-13 -1.38751e-13
-2.43735e-12 -2.09272e-12 -1.49365e-12 -7.87189e-13 -1.39456e-13
-2.44983e-12 -2.10343e-12  -1.5013e-12  -7.9122e-13 -1.40162e-13
-2.46232e-12 -2.11415e-12 -1.50895e-12 -7.95252e-13 -1.40866e-13
 -2.4748e-12 -2.12487e-12  -1.5166e-12 -7.99283e-13 -1.41571e-13
-2.48728e-12 -2.13558e-12 -1.52425e-12 -8.03313e-13 -1.42276e-13
-2.49952e-12 -2.14609e-12 -1.53175e-12 -8.07266e-13 -1.42966e-13