  0.00118917   0.00118917   0.00118917   0.00118917    0.0011889  1.83881e-07  1.87559e-11  1.57667e-15  1.18402e-19            0
 0.000130051  0.000130051  0.000130051  0.000130051  0.000130013  2.52262e-08  3.05506e-12  2.95559e-16  2.49948e-20            0
 9.32561e-06  9.32561e-06  9.32561e-06  9.32561e-06  9.32238e-06  2.16983e-09  3.05498e-13  3.36187e-17  3.18155e-21            0
 5.41799e-07  5.41799e-07  5.41799e-07  5.41799e-07   5.4158e-07  1.46964e-10  2.36046e-14  2.91536e-18  3.05728e-22            0
 2.76864e-08  2.76864e-08  2.76864e-08  2.76864e-08  2.76736e-08  8.57699e-12  1.54802e-15  2.12132e-19  2.44306e-23            0
 1.29695e-09  1.29695e-09  1.29695e-09  1.29695e-09  1.29628e-09  4.51742e-13  9.05199e-17  1.36315e-20  1.71075e-24            0
 5.70446e-11  5.70446e-11  5.70446e-11  5.70446e-11  5.70117e-11  2.20661e-14  4.86087e-18  7.97991e-22  1.08408e-25            0
 2.39185e-12  2.39185e-12  2.39185e-12  2.39185e-12  2.39033e-12  1.01731e-15  2.44361e-19  4.34355e-23  6.35089e-27            0
 9.65904e-14  9.65904e-14  9.65904e-14  9.65904e-14  9.65236e-14  4.48005e-17  1.16537e-20  2.22986e-24  3.49163e-28            0
 3.78414e-15  3.78414e-15  3.78414e-15  3.78414e-15  3.78131e-15  1.90081e-18  5.32317e-22  1.09094e-25  1.82145e-29            0
 1.44594e-16  1.44594e-16  1.44594e-16  1.44594e-16  1.44477e-16  7.81953e-20  2.34566e-23  5.12625e-27  9.09097e-31            0
 5.41044e-18  5.41044e-18  5.41044e-18  5.41044e-18  5.40576e-18  3.13411e-21  1.00261e-24  2.32751e-28  4.36931e-32            0
 1.98872e-19  1.98872e-19  1.98872e-19  1.98872e-19  1.98689e-19  1.22852e-22   4.1749e-26  1.02598e-29  2.03257e-33            0
 7.19858e-21  7.19858e-21  7.19858e-21  7.19858e-21  7.19153e-21  4.72378e-24  1.69944e-27  4.40763e-31  9.18975e-35            0
 2.57109e-22  2.57109e-22  2.57109e-22  2.57109e-22  2.56842e-22  1.78606e-25  6.78159e-29  1.85114e-32  4.05185e-36            0
 9.07593e-24  9.07593e-24  9.07593e-24  9.07593e-24    9.066e-24  6.65381e-27  2.65904e-30  7.62011e-34  1.74709e-37            0
 3.17068e-25  3.17068e-25  3.17068e-25  3.17068e-25  3.16703e-25  2.44643e-28  1.02642e-31  3.08114e-35   7.3844e-39            0
 1.09747e-26  1.09747e-26  1.09747e-26  1.09747e-26  1.09614e-26  8.88972e-30  3.90696e-33  1.22598e-36  3.06562e-40            0
 3.76722e-28  3.76722e-28  3.76722e-28  3.76722e-28  3.76245e-28  3.19634e-31  1.46848e-34  4.80785e-38  1.25219e-41            0
  1.2835e-29   1.2835e-29   1.2835e-29  1.28349e-29   1.2818e-29  1.13832e-32  5.45665e-36  1.86079e-39  5.03975e-43            0
 4.34325e-31  4.34325e-31  4.34325e-31  4.34324e-31  4.33725e-31   4.0189e-34   2.0066e-37  7.11592e-41  2.00122e-44            0
 1.46065e-32  1.46065e-32  1.46065e-32  1.46064e-32  1.45854e-32  1.40768e-35  7.30905e-39  2.69146e-42  7.84895e-46            0
 4.88443e-34  4.88443e-34  4.88443e-34  4.88442e-34  4.87712e-34  4.89497e-37  2.63916e-40  1.00776e-43  3.04361e-47            0
 1.62489e-35  1.62489e-35  1.62489e-35  1.62489e-35  1.62236e-35  1.69081e-38  9.45314e-42  3.73834e-45   1.1679e-48            0
  5.3796e-37   5.3796e-37   5.3796e-37   5.3796e-37  5.37093e-37  5.80444e-40  3.36091e-43  1.37486e-46   4.4381e-50            0
 1.77318e-38  1.77318e-38  1.77318e-38  1.77317e-38  1.77022e-38   1.9813e-41  1.18671e-44  5.01605e-48  1.67134e-51            0
 5.82062e-40  5.82062e-40  5.82062e-40  5.82061e-40  5.81057e-40  6.72725e-43  4.16343e-46  1.81649e-49  6.24132e-53            0
 1.90338e-41  1.90338e-41  1.90338e-41  1.90338e-41  1.89999e-41  2.27293e-44    1.452e-47  6.53267e-51  2.31247e-54            0
 6.20206e-43  6.20206e-43  6.20206e-43  6.20205e-43  6.19064e-43  7.64424e-46  5.03569e-49  2.33415e-52  8.50518e-56            0
 2.01419e-44  2.01419e-44  2.01419e-44  2.01419e-44  2.01037e-44  2.55985e-47  1.73734e-50  8.28945e-54  3.10667e-57            0
 6.52095e-46  6.52095e-46  6.52095e-46  6.52094e-46   6.5082e-46  8.53773e-49  5.96464e-52  2.92713e-55  1.12744e-58            0
 2.10499e-47  2.10499e-47  2.10499e-47  2.10499e-47  2.10076e-47  2.83678e-50  2.03838e-53  1.02807e-56  4.06668e-60            0
 6.77635e-49  6.77635e-49  6.77635e-49  6.77634e-49  6.76233e-49  9.39202e-52  6.93588e-55  3.59259e-58  1.45844e-61            0
 2.17579e-50  2.17579e-50  2.17579e-50  2.17578e-50  2.17116e-50  3.09908e-53   2.3504e-56  1.24944e-59  5.20206e-63            0
 6.96906e-52  6.96906e-52  6.96906e-52  6.96904e-52  6.95383e-52  1.01936e-54  7.93421e-58   4.3257e-61  1.84598e-64            0
 2.22704e-53  2.22704e-53  2.22704e-53  2.22703e-53  2.22205e-53  3.34287e-56  2.66855e-59  1.49121e-62  6.51872e-66            0
  7.1012e-55   7.1012e-55   7.1012e-55  7.10118e-55  7.08487e-55  1.09314e-57  8.94422e-61  5.11987e-64  2.29133e-67            0
 2.25962e-56  2.25962e-56  2.25962e-56  2.25961e-56  2.25429e-56    3.565e-59  2.98799e-62  1.75106e-65  8.01867e-69            0
   7.176e-58    7.176e-58    7.176e-58  7.17597e-58  7.15867e-58  1.15966e-60  9.95076e-64  5.96694e-67  2.79448e-70            0
 2.27466e-59  2.27466e-59  2.27466e-59  2.27465e-59  2.26904e-59  3.76307e-62    3.304e-65  2.02621e-68   9.6999e-72            0
 7.19743e-61  7.19743e-61  7.19743e-61   7.1974e-61  7.17922e-61  1.21828e-63  1.09394e-66  6.85757e-70  3.35415e-73            0
 2.27353e-62  2.27353e-62  2.27353e-62  2.27352e-62  2.26765e-62  3.93539e-65  3.61217e-68  2.31354e-71  1.15564e-74            0
 7.17001e-64  7.17001e-64  7.17001e-64  7.16998e-64  7.15105e-64  1.26856e-66  1.18966e-69  7.78149e-73  3.96783e-76            0
  2.2577e-65   2.2577e-65   2.2577e-65   2.2577e-65  2.25161e-65  4.08093e-68  3.90842e-71  2.60969e-74  1.35782e-77            0
 7.09859e-67  7.09859e-67  7.09859e-67  7.09856e-67  7.07901e-67  1.31029e-69  1.28101e-72  8.72783e-76  4.63182e-79            0
 2.22875e-68  2.22875e-68  2.22875e-68  2.22874e-68  2.22248e-68  4.19926e-71  4.18913e-74  2.91116e-77   1.5752e-80            0
 6.98817e-70  6.98817e-70  6.98817e-70  6.98814e-70   6.9681e-70  1.34341e-72  1.36694e-75   9.6854e-79  5.34136e-82            0
 2.18826e-71  2.18826e-71  2.18826e-71  2.18825e-71  2.18185e-71  4.29048e-74  4.45114e-77  3.21443e-80  1.80612e-83            0
 6.84376e-73  6.84376e-73  6.84376e-73  6.84372e-73  6.82332e-73  1.36803e-75  1.44652e-78   1.0643e-81  6.09075e-85            0
 2.13781e-74  2.13781e-74  2.13781e-74   2.1378e-74   2.1313e-74  4.35515e-77  4.69182e-80  3.51596e-83  2.04865e-86            0
 6.67026e-76  6.67026e-76  6.67026e-76  6.67023e-76  6.64957e-76  1.38438e-78  1.51899e-81  1.15898e-84   6.8735e-88            0
 2.07891e-77  2.07891e-77  2.07891e-77   2.0789e-77  2.07234e-77   4.3942e-80  4.90903e-83  3.81238e-86  2.30062e-89            0
  6.4724e-79   6.4724e-79   6.4724e-79  6.47236e-79  6.45159e-79  1.39283e-81  1.58377e-84  1.25152e-87  7.68251e-91            0
 2.01302e-80  2.01302e-80  2.01302e-80  2.01301e-80  2.00643e-80  4.40889e-83  5.10116e-86  4.10046e-89  2.55971e-92            0
 6.25464e-82  6.25464e-82  6.25464e-82   6.2546e-82  6.23381e-82  1.39379e-84  1.64041e-87  1.34094e-90  8.51021e-94            0
 1.94151e-83  1.94151e-83  1.94151e-83   1.9415e-83  1.93494e-83  4.40071e-86  5.26708e-89  4.37722e-92  2.82348e-95            0
 6.02114e-85  6.02114e-85  6.02114e-85   6.0211e-85   6.0004e-85  1.38779e-87  1.68866e-90  1.42635e-93  9.34876e-97            0
 1.86565e-86  1.86565e-86  1.86565e-86  1.86564e-86  1.85912e-86  4.37135e-89  5.40615e-92  4.63997e-95  3.08942e-98            0
 5.77573e-88  5.77573e-88  5.77573e-88  5.77569e-88  5.75518e-88  1.37536e-90  1.72835e-93  1.50693e-96  1.01902e-99            0
 1.78658e-89  1.78658e-89  1.78658e-89  1.78657e-89  1.78012e-89   4.3226e-92  5.51814e-95   4.8863e-98 3.35502e-101            0
 5.52191e-91  5.52191e-91  5.52191e-91  5.52187e-91  5.50163e-91  1.35711e-93   1.7595e-96  1.58198e-99 1.10266e-102            0
 1.70536e-92  1.70536e-92  1.70536e-92  1.70535e-92    1.699e-92  4.25636e-95   5.6032e-98 5.11416e-101 3.61779e-104            0
  5.2628e-94   5.2628e-94   5.2628e-94  5.26276e-94  5.24287e-94  1.33362e-96  1.78219e-99  1.6509e-102 1.18502e-105            0
 1.62293e-95  1.62293e-95  1.62293e-95  1.62291e-95  1.61669e-95  4.17454e-98 5.66186e-101 5.32182e-104 3.87533e-107            0
 5.00119e-97  5.00119e-97  5.00119e-97  5.00115e-97  4.98168e-97  1.30551e-99 1.79665e-102 1.71321e-105 1.26536e-108            0
  1.5401e-98   1.5401e-98   1.5401e-98  1.54009e-98    1.534e-98 4.07906e-101 5.69491e-104 5.50791e-107 4.12535e-110            0
4.73952e-100 4.73952e-100 4.73952e-100 4.73948e-100 4.72049e-100 1.27338e-102 1.80318e-105 1.76852e-108 1.34298e-111            0
 1.4576e-101  1.4576e-101  1.4576e-101 1.45759e-101 1.45166e-101  3.9718e-104 5.70343e-107 5.67141e-110 4.36571e-113            0
4.47991e-103 4.47991e-103 4.47991e-103 4.47987e-103 4.46141e-103 1.23782e-105 1.80214e-108 1.81655e-111 1.41722e-114            0
1.37605e-104 1.37605e-104 1.37605e-104 1.37604e-104 1.37029e-104 3.85457e-107 5.68869e-110  5.8116e-113 4.59445e-116            0
4.22417e-106 4.22417e-106 4.22417e-106 4.22413e-106 4.20625e-106 1.19938e-108 1.79397e-111 1.85715e-114  1.4875e-117            0
1.29598e-107 1.29598e-107 1.29598e-107 1.29597e-107  1.2904e-107 3.72912e-110 5.65213e-113 5.92812e-116  4.8098e-119            0
3.97383e-109 3.97383e-109 3.97383e-109 3.97379e-109 3.95652e-109  1.1586e-111 1.77915e-114 1.89024e-117  1.5533e-120            0
1.21782e-110 1.21782e-110 1.21782e-110 1.21781e-110 1.21245e-110 3.59708e-113 5.59534e-116 6.02086e-119 5.01021e-122            0
3.73015e-112 3.73015e-112 3.73015e-112 3.73011e-112 3.71347e-112 1.11599e-114 1.75819e-117 1.91582e-120 1.61415e-123            0
1.14194e-113 1.14194e-113 1.14194e-113 1.14193e-113 1.13677e-113    3.46e-116 5.51997e-119 6.09002e-122 5.19436e-125            0
3.49416e-115 3.49416e-115 3.49416e-115 3.49412e-115 3.47813e-115 1.07202e-117 1.73162e-120 1.93401e-123 1.66968e-126            0
1.06863e-116 1.06863e-116 1.06863e-116 1.06862e-116 1.06367e-116 3.31929e-119 5.42775e-122 6.13601e-125 5.36115e-128            0
3.26665e-118 3.26665e-118 3.26665e-118 3.26661e-118 3.25129e-118  1.0271e-120     1.7e-123 1.94497e-126 1.71957e-129            0
9.98101e-120 9.98101e-120 9.98101e-120 9.98088e-120 9.93353e-120 3.17626e-122 5.32041e-125 6.15949e-128 5.50971e-131            0
3.04823e-121 3.04823e-121 3.04823e-121  3.0482e-121 3.03356e-121 9.81648e-124 1.66387e-126 1.94893e-129 1.76358e-132            0
9.30526e-123 9.30526e-123 9.30526e-123 9.30514e-123 9.25994e-123 3.03208e-125 5.19971e-128 6.16129e-131  5.6394e-134            0
2.83936e-124 2.83936e-124 2.83936e-124 2.83932e-124 2.82536e-124 9.36001e-127 1.62379e-129 1.94618e-132 1.80156e-135            0
8.66018e-126 8.66018e-126 8.66018e-126 8.66006e-126 8.61701e-126 2.88781e-128 5.06737e-131  6.1424e-134 5.74979e-137            0
 2.6403e-127  2.6403e-127  2.6403e-127 2.64027e-127 2.62699e-127  8.9048e-130  1.5803e-132 1.93707e-135 1.83339e-138            0
8.04645e-129 8.04645e-129 8.04645e-129 8.04634e-129 8.00543e-129  2.7444e-131 4.92505e-134 6.10395e-137 5.84069e-140            0
2.45123e-130 2.45123e-130 2.45123e-130 2.45119e-130 2.43859e-130 8.45365e-133 1.53392e-135 1.92196e-138 1.85905e-141            0
7.46439e-132 7.46439e-132 7.46439e-132 7.46428e-132 7.42548e-132 2.60267e-134 4.77439e-137 6.04718e-140 5.91208e-143            0
2.27217e-133 2.27217e-133 2.27217e-133 2.27213e-133  2.2602e-133 8.00898e-136 1.48514e-138 1.90127e-141 1.87855e-144            0
6.91395e-135 6.91395e-135 6.91395e-135 6.91385e-135 6.87713e-135 2.46333e-137 4.61693e-140  5.9734e-143 5.96412e-146            0
2.10308e-136 2.10308e-136 2.10308e-136 2.10304e-136 2.09175e-136  7.5729e-139 1.43444e-141 1.87541e-144 1.89199e-147            0
6.39484e-138 6.39484e-138 6.39484e-138 6.39474e-138 6.36005e-138 2.32701e-140 4.45412e-143 5.88399e-146 5.99717e-149            0
1.94381e-139 1.94381e-139 1.94381e-139 1.94378e-139 1.93313e-139 7.14719e-142 1.38228e-144 1.84483e-147 1.89949e-150            0
5.90651e-141 5.90651e-141 5.90651e-141 5.90641e-141 5.87371e-141 2.19421e-143 4.28735e-146 5.78037e-149 6.01171e-152            0
1.79417e-142 1.79417e-142 1.79417e-142 1.79414e-142  1.7841e-142 6.73335e-145 1.32906e-147 1.80998e-150 1.90123e-153            0
5.44823e-144 5.44823e-144 5.44823e-144 5.44814e-144 5.41735e-144 2.06537e-146 4.11787e-149 5.66395e-152 6.00836e-155            0
 1.6539e-145  1.6539e-145  1.6539e-145 1.65387e-145 1.64443e-145 6.33258e-148 1.27518e-150 1.77131e-153 1.89744e-156            0
5.01911e-147 5.01911e-147 5.01911e-147 5.01902e-147 4.99009e-147 1.94082e-149 3.94686e-152 5.53616e-155 5.98789e-158            0
1.52269e-148 1.52269e-148 1.52269e-148 1.52266e-148  1.5138e-148 5.94586e-151   1.221e-153 1.72927e-156 1.88835e-159            0
4.61813e-150 4.61813e-150 4.61813e-150 4.61804e-150  4.5909e-150 1.82084e-152  3.7754e-155 5.39841e-158 5.95112e-161            0
1.40021e-151 1.40021e-151 1.40021e-151 1.40018e-151 1.39188e-151 5.57392e-154 1.16682e-156  1.6843e-159 1.87425e-162            0
4.24419e-153 4.24419e-153 4.24419e-153 4.24411e-153 4.21869e-153 1.70563e-155 3.60446e-158 5.25208e-161 5.89897e-164            0
 1.2861e-154  1.2861e-154  1.2861e-154 1.28607e-154  1.2783e-154  5.2173e-157 1.11295e-159 1.63683e-162 1.85545e-165            0
3.89613e-156 3.89613e-156 3.89613e-156 3.89605e-156 3.87228e-156 1.59532e-158  3.4349e-161 5.09849e-164 5.83245e-167            0
1.17998e-157 1.17998e-157 1.17998e-157 1.17995e-157 1.17269e-157 4.87635e-160 1.05964e-162 1.58727e-165 1.83226e-168            0
3.57272e-159 3.57272e-159 3.57272e-159 3.57265e-159 3.55044e-159 1.49001e-161 3.26749e-164 4.93894e-167 5.75259e-170            0
1.08146e-160 1.08146e-160 1.08146e-160 1.08144e-160 1.07465e-160 4.55127e-163 1.00713e-165 1.53602e-168 1.80503e-171            0
3.27273e-162 3.27273e-162 3.27273e-162 3.27266e-162 3.25195e-162 1.38972e-164 3.10292e-167 4.77463e-170 5.66047e-173            0
9.90149e-164 9.90149e-164 9.90148e-164 9.90127e-164 9.83805e-164 4.24208e-166 9.55605e-169 1.48344e-171 1.77408e-174            0
 2.9949e-165  2.9949e-165  2.9949e-165 2.99484e-165 2.97555e-165 1.29446e-167 2.94178e-170 4.60673e-173 5.55717e-176            0
9.05649e-167 9.05649e-167 9.05649e-167 9.05628e-167 8.99744e-167 3.94873e-169 9.05249e-172 1.42991e-174 1.73978e-177            0
  2.738e-168   2.738e-168   2.738e-168 2.73793e-168 2.71999e-168 1.20417e-170 2.78456e-173 4.43631e-176  5.4438e-179            0
8.27569e-170 8.27569e-170 8.27569e-170 8.27549e-170 8.22079e-170 3.67102e-172 8.56205e-175 1.37574e-177 1.70247e-180            0
2.50078e-171 2.50078e-171 2.50078e-171 2.50072e-171 2.48405e-171  1.1188e-173 2.63169e-176 4.26438e-179 5.32147e-182            0
7.55523e-173 7.55523e-173 7.55523e-173 7.55505e-173 7.50426e-173 3.40868e-175 8.08594e-178 1.32125e-180  1.6625e-183            0
2.28204e-174 2.28204e-174 2.28204e-174 2.28199e-174 2.26652e-174 1.03823e-176 2.48352e-179 4.09188e-182 5.19125e-185            0
6.89135e-176 6.89135e-176 6.89135e-176 6.89118e-176 6.84408e-176 3.16136e-178 7.62516e-181 1.26671e-183  1.6202e-186            0
2.08061e-177 2.08061e-177 2.08061e-177 2.08056e-177 2.06622e-177 9.62347e-180 2.34033e-182 3.91964e-185 5.05422e-188            0
6.28039e-179 6.28039e-179 6.28039e-179 6.28023e-179  6.2366e-179 2.92865e-181  7.1805e-184 1.21238e-186 1.57591e-189            0
1.89536e-180 1.89536e-180 1.89536e-180 1.89531e-180 1.88204e-180 8.91012e-183 2.20234e-185 3.74846e-188  4.9114e-191            0
5.71884e-182 5.71884e-182 5.71884e-182 5.71868e-182 5.67831e-182 2.71008e-184 6.75253e-187 1.15849e-189 1.52995e-192            0
1.72519e-183 1.72519e-183 1.72519e-183 1.72514e-183 1.71286e-183 8.24072e-186  2.0697e-188 3.57902e-191 4.76379e-194            0
 5.2033e-185  5.2033e-185  5.2033e-185 5.20315e-185 5.16583e-185 2.50515e-187 6.34169e-190 1.10527e-192 1.48263e-195            0
1.56905e-186 1.56905e-186 1.56905e-186 1.56901e-186 1.55766e-186 7.61363e-189 1.94252e-191 3.41196e-194 4.61234e-197            0
4.73054e-188 4.73054e-188 4.73054e-188 4.73041e-188 4.69595e-188 2.31333e-190 5.94823e-193 1.05288e-195 1.43424e-198            0
1.42595e-189 1.42595e-189 1.42595e-189 1.42591e-189 1.41544e-189 7.02711e-192 1.82086e-194 3.24782e-197 4.45796e-200            0
4.29749e-191 4.29749e-191 4.29749e-191 4.29737e-191 4.26558e-191 2.13407e-193 5.57227e-196 1.00149e-198 1.38506e-201            0
1.29493e-192 1.29493e-192 1.29493e-192  1.2949e-192 1.28524e-192  6.4794e-195 1.70474e-197 3.08709e-200  4.3015e-203            0
3.90123e-194 3.90123e-194 3.90123e-194 3.90111e-194 3.87182e-194 1.96679e-196  5.2138e-199 9.51255e-202 1.33535e-204            0
1.17511e-195 1.17511e-195 1.17511e-195 1.17507e-195 1.16618e-195 5.96869e-198 1.59413e-200 2.93018e-203 4.14377e-206            0
3.53899e-197 3.53899e-197 3.53899e-197 3.53888e-197 3.51191e-197 1.81092e-199 4.87272e-202 9.02283e-205 1.28536e-207            0
1.06563e-198 1.06563e-198 1.06563e-198  1.0656e-198 1.05741e-198 5.49315e-201   1.489e-203 2.77744e-206 3.98551e-209            0
3.20818e-200 3.20818e-200 3.20818e-200 3.20808e-200 3.18327e-200 1.66589e-202  4.5488e-205 8.54681e-208 1.23531e-210            0
9.65694e-202 9.65694e-202 9.65694e-202 9.65662e-202 9.58139e-202 5.05096e-204 1.38925e-206 2.62918e-209  3.8274e-212            0
2.90635e-203 2.90635e-203 2.90635e-203 2.90626e-203 2.88345e-203 1.53111e-205 4.24176e-208 8.08533e-211 1.18541e-213            0
8.74555e-205 8.74555e-205 8.74554e-205 8.74525e-205 8.67614e-205 4.64032e-207 1.29478e-209 2.48563e-212 3.67009e-215            0
2.63121e-206 2.63121e-206 2.63121e-206 2.63112e-206 2.61018e-206 1.40604e-208 3.95123e-211 7.63906e-214 1.13586e-216            0
7.91511e-208 7.91511e-208 7.91511e-208 7.91483e-208  7.8514e-208 4.25947e-210 1.20547e-212 2.34698e-215 3.51415e-218            0
2.38062e-209 2.38062e-209 2.38062e-209 2.38054e-209 2.36132e-209  1.2901e-211  3.6768e-214 7.20853e-217 1.08683e-219            0
7.15908e-211 7.15908e-211 7.15908e-211 7.15883e-211 7.10065e-211 3.90666e-213 1.12118e-215 2.21337e-218  3.3601e-221            0
2.15258e-212 2.15258e-212 2.15258e-212  2.1525e-212 2.13489e-212 1.18277e-214 3.41798e-217 6.79412e-220 1.03847e-222            0
6.47136e-214 6.47136e-214 6.47136e-214 6.47112e-214 6.41781e-214 3.58021e-216 1.04174e-218  2.0849e-221  3.2084e-224            0
1.94522e-215 1.94522e-215 1.94522e-215 1.94515e-215 1.92901e-215 1.08351e-217 3.17428e-220 6.39607e-223 9.90922e-226            0
5.84628e-217 5.84628e-217 5.84628e-217 5.84606e-217 5.79724e-217 3.27849e-219 9.67003e-222 1.96163e-224 3.05948e-227            0
1.75682e-218 1.75682e-218 1.75682e-218 1.75676e-218 1.74199e-218 9.91822e-221 2.94516e-223 6.01453e-226 9.44311e-229            0
5.27856e-220 5.27856e-220 5.27856e-220 5.27835e-220 5.23368e-220 2.99994e-222 8.96785e-225 1.84359e-227 2.91369e-230            0
1.58578e-221 1.58578e-221 1.58578e-221 1.58572e-221 1.57221e-221 9.07216e-224 2.73004e-226  5.6495e-229 8.98742e-232            0
4.76333e-223 4.76333e-223 4.76332e-223 4.76314e-223 4.72229e-223 2.74303e-225 8.30907e-228 1.73077e-230 2.77135e-233            0
 1.4306e-224  1.4306e-224  1.4306e-224 1.43055e-224  1.4182e-224 8.29226e-227 2.52836e-229 5.30094e-232 8.54309e-235            0
4.29606e-226 4.29606e-226 4.29606e-226 4.29589e-226 4.25857e-226 2.50633e-228 7.69184e-231 1.62313e-233 2.63273e-236            0
1.28993e-227 1.28993e-227 1.28993e-227 1.28987e-227  1.2786e-227 7.57406e-230 2.33953e-232 4.96869e-235 8.11089e-238            0
 3.8726e-229  3.8726e-229  3.8726e-229 3.87244e-229 3.83836e-229 2.28846e-231 7.11431e-234 1.52062e-236 2.49805e-239            0
1.16248e-230 1.16248e-230 1.16248e-230 1.16243e-230 1.15214e-230  6.9133e-233 2.16295e-235 4.65252e-238 7.69147e-241            0
3.48909e-232 3.48909e-232 3.48909e-232 3.48894e-232 3.45785e-232 2.08811e-234 6.57459e-237 1.42314e-239 2.36751e-242            0
1.04709e-233 1.04709e-233 1.04709e-233 1.04705e-233 1.03766e-233 6.30596e-236 1.99803e-238 4.35215e-241 7.28535e-244            0
3.14199e-235 3.14199e-235 3.14199e-235 3.14185e-235  3.1135e-235 1.90405e-237 6.07083e-240 1.33062e-242 2.24123e-245            0
9.42695e-237 9.42695e-237 9.42695e-237 9.42653e-237 9.34096e-237 5.74822e-239  1.8442e-241 4.06723e-244 6.89293e-247            0
2.82804e-238 2.82804e-238 2.82804e-238 2.82791e-238 2.80208e-238 1.73508e-240 5.60118e-243 1.24292e-245 2.11935e-248            0
8.48299e-240 8.48299e-240 8.48299e-240  8.4826e-240 8.40465e-240 5.23648e-242 1.70086e-244 3.79739e-247 6.51453e-250            0
2.54426e-241 2.54426e-241 2.54426e-241 2.54414e-241 2.52062e-241 1.58012e-243 5.16383e-246 1.15992e-248 2.00193e-251            0
7.62998e-243 7.62998e-243 7.62997e-243 7.62962e-243 7.55865e-243 4.76733e-245 1.56745e-247 3.54218e-250 6.15034e-253            0
2.28789e-244 2.28789e-244 2.28789e-244 2.28778e-244 2.26638e-244 1.43812e-246 4.75701e-249 1.08148e-251 1.88902e-254            0
 6.8596e-246  6.8596e-246  6.8596e-246 6.85927e-246 6.79471e-246 4.33759e-248 1.44342e-250 3.30116e-253 5.80046e-256            0
2.05643e-247 2.05643e-247 2.05643e-247 2.05633e-247 2.03686e-247 1.30809e-249 4.37897e-252 1.00745e-254 1.78065e-257            0
6.16426e-249 6.16426e-249 6.16426e-249 6.16396e-249 6.10525e-249 3.94426e-251 1.32823e-253 3.07385e-256 5.46493e-259            0
1.84757e-250 1.84757e-250 1.84757e-250 1.84748e-250 1.82978e-250 1.18913e-252 4.02806e-255 9.37672e-258 1.67681e-260            0
5.53699e-252 5.53699e-252 5.53699e-252 5.53672e-252 5.48336e-252 3.58452e-254 1.22135e-256 2.85975e-259 5.14371e-262            0
1.65921e-253 1.65921e-253 1.65921e-253 1.65912e-253 1.64304e-253 1.08037e-255 3.70264e-258 8.71993e-261 1.57748e-263            0
4.97144e-255 4.97144e-255 4.97144e-255 4.97119e-255 4.92273e-255 3.25576e-257 1.12229e-259 2.65833e-262 4.83668e-265            0
1.48943e-256 1.48943e-256 1.48943e-256 1.48935e-256 1.47475e-256  9.8101e-259 3.40116e-261 8.10246e-264 1.48261e-266            0
4.46181e-258 4.46181e-258 4.46181e-258 4.46157e-258 4.41759e-258 2.95553e-260 1.03056e-262 2.46909e-265 4.54367e-268            0
1.33647e-259 1.33647e-259 1.33647e-259  1.3364e-259 1.32315e-259 8.90304e-262 3.12212e-264 7.52263e-267 1.39215e-269            0
4.00279e-261 4.00279e-261 4.00279e-261 4.00258e-261 3.96267e-261 2.68154e-263 9.45698e-266 2.29149e-268 4.26447e-271            0
1.19874e-262 1.19874e-262 1.19874e-262 1.19867e-262 1.18666e-262 8.07556e-265 2.86408e-267  6.9788e-270 1.30601e-272            0
3.58958e-264 3.58958e-264 3.58958e-264 3.58938e-264 3.55319e-264 2.43167e-266 8.67254e-269 2.12501e-271 3.99881e-274            0
1.07478e-265 1.07478e-265 1.07478e-265 1.07472e-265 1.06383e-265 7.32119e-268 2.62566e-270 6.46931e-273 1.22411e-275            0
3.21777e-267 3.21777e-267 3.21777e-267 3.21759e-267 3.18479e-267 2.20396e-269  7.9481e-272 1.96912e-274 3.74639e-277            0
9.63273e-269 9.63273e-269 9.63273e-269 9.63218e-269 9.53346e-269 6.63391e-271 2.40558e-273 5.99249e-276 1.14634e-278            0
2.88339e-270 2.88339e-270 2.88339e-270 2.88322e-270 2.85351e-270 1.99656e-272 7.27963e-275 1.82331e-277 3.50687e-280            0
 8.6301e-272  8.6301e-272  8.6301e-272  8.6296e-272  8.5402e-272 6.00818e-274 2.20259e-276 5.54673e-279 1.07259e-281            0
2.58279e-273 2.58279e-273 2.58279e-273 2.58264e-273 2.55574e-273  1.8078e-275 6.66332e-278 1.68707e-280 3.27989e-283            0
7.72901e-275 7.72901e-275 7.72901e-275 7.72855e-275 7.64762e-275 5.43882e-277  2.0155e-279 5.13043e-282 1.00275e-284            0
 2.3127e-276  2.3127e-276  2.3127e-276 2.31256e-276 2.28822e-276 1.63609e-278 6.09554e-281  1.5599e-283 3.06506e-286            0
6.91952e-278 6.91952e-278 6.91952e-278  6.9191e-278 6.84588e-278 4.92108e-280 1.84322e-282 4.74203e-285 9.36693e-288            0
2.07012e-279 2.07012e-279 2.07012e-279 2.06999e-279 2.04797e-279    1.48e-281 5.57289e-284 1.44131e-286 2.86199e-289            0
6.19264e-281 6.19264e-281 6.19264e-281 6.19226e-281 6.12605e-281 4.45055e-283 1.68469e-285 4.38001e-288 8.74285e-291            0
1.85234e-282 1.85234e-282 1.85234e-282 1.85222e-282 1.83231e-282 1.33819e-284 5.09214e-287 1.33082e-289 2.67026e-292            0
5.54022e-284 5.54022e-284 5.54022e-284 5.53987e-284 5.48002e-284 4.02319e-286 1.53893e-288  4.0429e-291 8.15396e-294            0
1.65691e-285 1.65691e-285 1.65691e-285  1.6568e-285 1.63881e-285 1.20942e-287 4.65025e-290 1.22799e-292 2.48944e-295            0
4.95487e-287 4.95487e-287 4.95487e-287 4.95455e-287 4.90047e-287 3.63524e-289   1.405e-291 3.72927e-294 7.59891e-297            0
 1.4816e-288  1.4816e-288  1.4816e-288 1.48151e-288 1.46525e-288 1.09255e-290 4.24439e-293 1.13236e-295  2.3191e-298            0
4.42991e-290 4.42991e-290 4.42991e-290 4.42962e-290 4.38078e-290 3.28327e-292 1.28203e-294 3.43774e-297 7.07631e-300            0
1.32441e-291 1.32441e-291 1.32441e-291 1.32433e-291 1.30965e-291 9.86559e-294 3.87187e-296  1.0435e-298 2.15881e-301            0
3.95929e-293 3.95929e-293 3.95929e-293 3.95903e-293 3.91493e-293 2.96411e-295  1.1692e-297 3.16699e-300 6.58481e-303            0
1.18353e-294 1.18353e-294 1.18352e-294 1.18344e-294  1.1702e-294 8.90471e-297 3.53019e-299  9.6102e-302 2.00814e-304            0
3.53756e-296 3.53756e-296 3.53756e-296 3.53731e-296 3.49752e-296 2.67486e-298 1.06574e-300 2.91576e-303 6.12303e-306            0
1.05729e-297 1.05729e-297 1.05729e-297 1.05722e-297 1.04527e-297 8.03409e-300   3.217e-302 8.84512e-305 1.86665e-307            0
3.15977e-299 3.15977e-299 3.15976e-299 3.15954e-299 3.12365e-299 2.41284e-301 9.70947e-304 2.68282e-306  5.6896e-309            0
9.44237e-301 9.44237e-301 9.44237e-301  9.4417e-301 9.33393e-301 7.24564e-303 2.93012e-305 8.13604e-308 1.73391e-310            0
2.82147e-302 2.82147e-302 2.82146e-302 2.82126e-302  2.7889e-302 2.17562e-304 8.84141e-307 2.46701e-309  5.2832e-312            0
8.43017e-304 8.43017e-304 8.43016e-304 8.42956e-304 8.33241e-304 6.53197e-306  2.6675e-308 7.47938e-311 1.60951e-313            0
2.51864e-305 2.51864e-305 2.51864e-305 2.51845e-305 2.48929e-305 1.96094e-307 8.04701e-310 2.26724e-312 4.90249e-315            0
7.52426e-307 7.52426e-307 7.52425e-307 7.52371e-307 7.43616e-307  5.8863e-309 2.42724e-311 6.87174e-314 1.49303e-316            0
2.24766e-308 2.24766e-308 2.24766e-308 2.24749e-308 2.22121e-308 1.76677e-310 7.32048e-313 2.08245e-315 4.54618e-318            0
6.71376e-310 6.71376e-310 6.71376e-310 6.71326e-310  6.6344e-310 5.30243e-312 2.20757e-314 6.30988e-317 1.38408e-319            0
2.00526e-311 2.00526e-311 2.00526e-311 2.00511e-311 1.98144e-311 1.59122e-313  6.6564e-316 1.91164e-318 4.21438e-321            0
5.98888e-313 5.98888e-313 5.98888e-313 5.98842e-313 5.91741e-313 4.77468e-315 2.00685e-317 5.79045e-320 1.28457e-322            0
 1.7885e-314  1.7885e-314  1.7885e-314 1.78837e-314 1.76706e-314 1.43258e-316 6.04974e-319 1.75393e-321 4.94066e-324            0
5.34078e-316 5.34078e-316 5.34078e-316 5.34036e-316 5.27645e-316 4.29787e-318 1.82409e-320 4.94066e-323            0            0
1.59474e-317 1.59474e-317 1.59474e-317 1.59461e-317 1.57544e-317 1.28921e-319 5.48413e-322            0            0            0
4.76141e-319 4.76151e-319 4.76146e-319 4.76106e-319  4.7036e-319 3.86359e-321 1.97626e-323            0            0            0
1.42143e-320 1.42143e-320 1.42143e-320 1.42093e-320 1.40364e-320 1.13635e-322            0            0            0            0
4.24896e-322 4.24896e-322 4.24896e-322 4.24896e-322 4.19956e-322 4.94066e-324            0            0            0            0
 1.4822e-323  1.4822e-323  1.4822e-323  1.4822e-323  1.4822e-323            0            0            0            0            0
           0            0            0            0            0            0            0            0            0            0
           0            0            0            0            0            0            0            0            0            0
           0            0            0            0            0            0            0            0            0            0
           0            0            0            0            0            0            0            0            0            0
           0            0            0            0            0            0            0            0            0            0
           0            0            0            0            0            0            0            0            0            0
           0            0            0            0            0            0            0            0            0            0
           0            0            0            0            0            0            0            0            0            0
           0            0            0            0            0            0            0            0            0            0
           0            0            0            0            0            0            0            0            0            0
           0            0            0            0            0            0            0            0            0            0
           0            0            0            0            0            0            0            0            0            0
           0            0            0            0            0            0            0            0            0            0
           0            0            0            0            0            0            0            0            0            0
           0            0            0            0            0            0            0            0            0            0
           0            0            0            0            0            0            0            0            0            0
           0            0            0            0            0            0            0            0            0            0
           0            0            0            0            0            0            0            0            0            0
           0            0            0            0            0            0            0            0            0            0
           0            0            0            0            0            0            0            0            0            0
           0            0            0            0            0            0            0            0            0            0
           0            0            0            0            0            0            0            0            0            0
           0            0            0            0            0            0            0            0            0            0
           0            0            0            0            0            0            0            0            0            0
           0            0            0            0            0            0            0            0            0            0
           0            0            0            0            0            0            0            0            0            0
           0            0            0            0            0            0            0            0            0            0
           0            0            0            0            0            0            0            0            0            0
           0            0            0            0            0            0            0            0            0            0
           0            0            0            0            0            0            0            0            0            0
           0            0            0            0            0            0            0            0            0            0
           0            0            0            0            0            0            0            0            0            0
           0            0            0            0            0            0            0            0            0            0
           0            0            0            0            0            0            0            0            0            0
           0            0            0            0            0            0            0            0            0            0
           0            0            0            0            0            0            0            0            0            0