0 0 0 100 200 300
0 1 1 101 201 301
0 2 2 102 202 302
0 3 3 103 203 303
0 4 4 104 204 304
0 5 5 105 205 305
0 6 6 106 206 306
0 7 7 107 207 307
0 8 8 108 208 308
0 9 9 109 209 309
0 10 10 110 210 310
0 11 11 111 211 311
0 12 12 112 212 312
0 13 13 113 213 313
0 14 14 114 214 314
0 15 15 115 215 315
0 16 16 116 216 316
0 17 17 117 217 317
0 18 18 118 218 318
0 19 19 119 219 319
1 0 20 120 220 320
1 1 21 121 221 321
1 2 22 122 222 322
1 3 23 123 223 323
1 4 24 124 224 324
1 5 25 125 225 325
1 6 26 126 226 326
1 7 27 127 227 327
1 8 28 128 228 328
1 9 29 129 229 329
1 10 30 130 230 330
1 11 31 131 231 331
1 12 32 132 232 332
1 13 33 133 233 333
1 14 34 134 234 334
1 15 35 135 235 335
1 16 36 136 236 336
1 17 37 137 237 337
1 18 38 138 238 338
1 19 39 139 239 339
2 0 40 140 240 340
2 1 41 141 241 341
2 2 42 142 242 342
2 3 43 143 243 343
2 4 44 144 244 344
2 5 45 145 245 345
2 6 46 146 246 346
2 7 47 147 247 347
2 8 48 148 248 348
2 9 49 149 249 349
2 10 50 150 250 350
2 11 51 151 251 351
2 12 52 152 252 352
2 13 53 153 253 353
2 14 54 154 254 354
2 15 55 155 255 355
2 16 56 156 256 356
2 17 57 157 257 357
2 18 58 158 258 358
2 19 59 159 259 359
3 0 60 160 260 360
3 1 61 161 261 361
3 2 62 162 262 362
3 3 63 163 263 363
3 4 64 164 264 364
3 5 65 165 265 365
3 6 66 166 266 366
3 7 67 167 267 367
3 8 68 168 268 368
3 9 69 169 269 369
3 10 70 170 270 370
3 11 71 171 271 371
3 12 72 172 272 372
3 13 73 173 273 373
3 14 74 174 274 374
3 15 75 175 275 375
3 16 76 176 276 376
3 17 77 177 277 377
3 18 78 178 278 378
3 19 79 179 279 379
4 0 80 180 280 380
4 1 81 181 281 381
4 2 82 182 282 382
4 3 83 183 283 383
4 4 84 184 284 384
4 5 85 185 285 385
4 6 86 186 286 386
4 7 87 187 287 387
4 8 88 188 288 388
4 9 89 189 289 389
4 10 90 190 290 390
4 11 91 191 291 391
4 12 92 192 292 392
4 13 93 193 293 393
4 14 94 194 294 394
4 15 95 195 295 395
4 16 96 196 296 396
4 17 97 197 297 397
4 18 98 198 298 398
4 19 99 199 299 399
0 0 400 650 900 1150 1400
0 1 401 651 901 1151 1401
0 2 402 652 902 1152 1402
0 3 403 653 903 1153 1403
0 4 404 654 904 1154 1404
0 5 405 655 905 1155 1405
0 6 406 656 906 1156 1406
0 7 407 657 907 1157 1407
0 8 408 658 908 1158 1408
0 9 409 659 909 1159 1409
0 10 410 660 910 1160 1410
0 11 411 661 911 1161 1411
0 12 412 662 912 1162 1412
0 13 413 663 913 1163 1413
0 14 414 664 914 1164 1414
0 15 415 665 915 1165 1415
0 16 416 666 916 1166 1416
0 17 417 667 917 1167 1417
0 18 418 668 918 1168 1418
0 19 419 669 919 1169 1419
0 20 420 670 920 1170 1420
0 21 421 671 921 1171 1421
0 22 422 672 922 1172 1422
0 23 423 673 923 1173 1423
0 24 424 674 924 1174 1424
1 0 425 675 925 1175 1425
1 1 426 676 926 1176 1426
1 2 427 677 927 1177 1427
1 3 428 678 928 1178 1428
1 4 429 679 929 1179 1429
1 5 430 680 930 1180 1430
1 6 431 681 931 1181 1431
1 7 432 682 932 1182 1432
1 8 433 683 933 1183 1433
1 9 434 684 934 1184 1434
1 10 435 685 935 1185 1435
1 11 436 686 936 1186 1436
1 12 437 687 937 1187 1437
1 13 438 688 938 1188 1438
1 14 439 689 939 1189 1439
1 15 440 690 940 1190 1440
1 16 441 691 941 1191 1441
1 17 442 692 942 1192 1442
1 18 443 693 943 1193 1443
1 19 444 694 944 1194 1444
1 20 445 695 945 1195 1445
1 21 446 696 946 1196 1446
1 22 447 697 947 1197 1447
1 23 448 698 948 1198 1448
1 24 449 699 949 1199 1449
2 0 450 700 950 1200 1450
2 1 451 701 951 1201 1451
2 2 452 702 952 1202 1452
2 3 453 703 953 1203 1453
2 4 454 704 954 1204 1454
2 5 455 705 955 1205 1455
2 6 456 706 956 1206 1456
2 7 457 707 957 1207 1457
2 8 458 708 958 1208 1458
2 9 459 709 959 1209 1459
2 10 460 710 960 1210 1460
2 11 461 711 961 1211 1461
2 12 462 712 962 1212 1462
2 13 463 713 963 1213 1463
2 14 464 714 964 1214 1464
2 15 465 715 965 1215 1465
2 16 466 716 966 1216 1466
2 17 467 717 967 1217 1467
2 18 468 718 968 1218 1468
2 19 469 719 969 1219 1469
2 20 470 720 970 1220 1470
2 21 471 721 971 1221 1471
2 22 472 722 972 1222 1472
2 23 473 723 973 1223 1473
2 24 474 724 974 1224 1474
3 0 475 725 975 1225 1475
3 1 476 726 976 1226 1476
3 2 477 727 977 1227 1477
3 3 478 728 978 1228 1478
3 4 479 729 979 1229 1479
3 5 480 730 980 1230 1480
3 6 481 731 981 1231 1481
3 7 482 732 982 1232 1482
3 8 483 733 983 1233 1483
3 9 484 734 984 1234 1484
3 10 485 735 985 1235 1485
3 11 486 736 986 1236 1486
3 12 487 737 987 1237 1487
3 13 488 738 988 1238 1488
3 14 489 739 989 1239 1489
3 15 490 740 990 1240 1490
3 16 491 741 991 1241 1491
3 17 492 742 992 1242 1492
3 18 493 743 993 1243 1493
3 19 494 744 994 1244 1494
3 20 495 745 995 1245 1495
3 21 496 746 996 1246 1496
3 22 497 747 997 1247 1497
3 23 498 748 998 1248 1498
3 24 499 749 999 1249 1499
4 0 500 750 1000 1250 1500
4 1 501 751 1001 1251 1501
4 2 502 752 1002 1252 1502
4 3 503 753 1003 1253 1503
4 4 504 754 1004 1254 1504
4 5 505 755 1005 1255 1505
4 6 506 756 1006 1256 1506
4 7 507 757 1007 1257 1507
4 8 508 758 1008 1258 1508
4 9 509 759 1009 1259 1509
4 10 510 760 1010 1260 1510
4 11 511 761 1011 1261 1511
4 12 512 762 1012 1262 1512
4 13 513 763 1013 1263 1513
4 14 514 764 1014 1264 1514
4 15 515 765 1015 1265 1515
4 16 516 766 1016 1266 1516
4 17 517 767 1017 1267 1517
4 18 518 768 1018 1268 1518
4 19 519 769 1019 1269 1519
4 20 520 770 1020 1270 1520
4 21 521 771 1021 1271 1521
4 22 522 772 1022 1272 1522
4 23 523 773 1023 1273 1523
4 24 524 774 1024 1274 1524
5 0 525 775 1025 1275 1525
5 1 526 776 1026 1276 1526
5 2 527 777 1027 1277 1527
5 3 528 778 1028 1278 1528
5 4 529 779 1029 1279 1529
5 5 530 780 1030 1280 1530
5 6 531 781 1031 1281 1531
5 7 532 782 1032 1282 1532
5 8 533 783 1033 1283 1533
5 9 534 784 1034 1284 1534
5 10 535 785 1035 1285 1535
5 11 536 786 1036 1286 1536
5 12 537 787 1037 1287 1537
5 13 538 788 1038 1288 1538
5 14 539 789 1039 1289 1539
5 15 540 790 1040 1290 1540
5 16 541 791 1041 1291 1541
5 17 542 792 1042 1292 1542
5 18 543 793 1043 1293 1543
5 19 544 794 1044 1294 1544
5 20 545 795 1045 1295 1545
5 21 546 796 1046 1296 1546
5 22 547 797 1047 1297 1547
5 23 548 798 1048 1298 1548
5 24 549 799 1049 1299 1549
6 0 550 800 1050 1300 1550
6 1 551 801 1051 1301 1551
6 2 552 802 1052 1302 1552
6 3 553 803 1053 1303 1553
6 4 554 804 1054 1304 1554
6 5 555 805 1055 1305 1555
6 6 556 806 1056 1306 1556
6 7 557 807 1057 1307 1557
6 8 558 808 1058 1308 1558
6 9 559 809 1059 1309 1559
6 10 560 810 1060 1310 1560
6 11 561 811 1061 1311 1561
6 12 562 812 1062 1312 1562
6 13 563 813 1063 1313 1563
6 14 564 814 1064 1314 1564
6 15 565 815 1065 1315 1565
6 16 566 816 1066 1316 1566
6 17 567 817 1067 1317 1567
6 18 568 818 1068 1318 1568
6 19 569 819 1069 1319 1569
6 20 570 820 1070 1320 1570
6 21 571 821 1071 1321 1571
6 22 572 822 1072 1322 1572
6 23 573 823 1073 1323 1573
6 24 574 824 1074 1324 1574
7 0 575 825 1075 1325 1575
7 1 576 826 1076 1326 1576
7 2 577 827 1077 1327 1577
7 3 578 828 1078 1328 1578
7 4 579 829 1079 1329 1579
7 5 580 830 1080 1330 1580
7 6 581 831 1081 1331 1581
7 7 582 832 1082 1332 1582
7 8 583 833 1083 1333 1583
7 9 584 834 1084 1334 1584
7 10 585 835 1085 1335 1585
7 11 586 836 1086 1336 1586
7 12 587 837 1087 1337 1587
7 13 588 838 1088 1338 1588
7 14 589 839 1089 1339 1589
7 15 590 840 1090 1340 1590
7 16 591 841 1091 1341 1591
7 17 592 842 1092 1342 1592
7 18 593 843 1093 1343 1593
7 19 594 844 1094 1344 1594
7 20 595 845 1095 1345 1595
7 21 596 846 1096 1346 1596
7 22 597 847 1097 1347 1597
7 23 598 848 1098 1348 1598
7 24 599 849 1099 1349 1599
8 0 600 850 1100 1350 1600
8 1 601 851 1101 1351 1601
8 2 602 852 1102 1352 1602
8 3 603 853 1103 1353 1603
8 4 604 854 1104 1354 1604
8 5 605 855 1105 1355 1605
8 6 606 856 1106 1356 1606
8 7 607 857 1107 1357 1607
8 8 608 858 1108 1358 1608
8 9 609 859 1109 1359 1609
8 10 610 860 1110 1360 1610
8 11 611 861 1111 1361 1611
8 12 612 862 1112 1362 1612
8 13 613 863 1113 1363 1613
8 14 614 864 1114 1364 1614
8 15 615 865 1115 1365 1615
8 16 616 866 1116 1366 1616
8 17 617 867 1117 1367 1617
8 18 618 868 1118 1368 1618
8 19 619 869 1119 1369 1619
8 20 620 870 1120 1370 1620
8 21 621 871 1121 1371 1621
8 22 622 872 1122 1372 1622
8 23 623 873 1123 1373 1623
8 24 624 874 1124 1374 1624
9 0 625 875 1125 1375 1625
9 1 626 876 1126 1376 1626
9 2 627 877 1127 1377 1627
9 3 628 878 1128 1378 1628
9 4 629 879 1129 1379 1629
9 5 630 880 1130 1380 1630
9 6 631 881 1131 1381 1631
9 7 632 882 1132 1382 1632
9 8 633 883 1133 1383 1633
9 9 634 884 1134 1384 1634
9 10 635 885 1135 1385 1635
9 11 636 886 1136 1386 1636
9 12 637 887 1137 1387 1637
9 13 638 888 1138 1388 1638
9 14 639 889 1139 1389 1639
9 15 640 890 1140 1390 1640
9 16 641 891 1141 1391 1641
9 17 642 892 1142 1392 1642
9 18 643 893 1143 1393 1643
9 19 644 894 1144 1394 1644
9 20 645 895 1145 1395 1645
9 21 646 896 1146 1396 1646
9 22 647 897 1147 1397 1647
9 23 648 898 1148 1398 1648
9 24 649 899 1149 1399 1649
