 0.100401  0.100401  0.100401  0.100401  0.100401  0.100401  0.100401  0.100401  0.100401  0.100401
 0.100415  0.100415  0.100415  0.100415  0.100415  0.100415  0.100415  0.100415  0.100415  0.100416
 0.100443  0.100443  0.100443  0.100443  0.100443  0.100442  0.100442  0.100442  0.100443  0.100443
 0.100482  0.100482  0.100482  0.100482  0.100482  0.100481  0.100481  0.100481  0.100482  0.100482
 0.100531  0.100531  0.100531  0.100531  0.100531  0.100531  0.100531  0.100531  0.100531  0.100531
 0.100589  0.100589  0.100589  0.100589  0.100589  0.100589  0.100589  0.100589  0.100589   0.10059
 0.100654  0.100654  0.100654  0.100654  0.100654  0.100654  0.100654  0.100654  0.100654  0.100655
 0.100726  0.100726  0.100726  0.100726  0.100726  0.100726  0.100726  0.100726  0.100726  0.100727
 0.100804  0.100804  0.100804  0.100804  0.100804  0.100804  0.100804  0.100804  0.100804  0.100805
 0.100886  0.100886  0.100886  0.100886  0.100886  0.100886  0.100886  0.100886  0.100886  0.100887
 0.100972  0.100972  0.100972  0.100972  0.100972  0.100971  0.100971  0.100971  0.100972  0.100973
 0.101061  0.101061  0.101061  0.101061  0.101061   0.10106   0.10106   0.10106  0.101061  0.101062
 0.101152  0.101152  0.101152  0.101152  0.101152  0.101152  0.101152  0.101152  0.101152  0.101154
 0.101246  0.101246  0.101246  0.101246  0.101246  0.101246  0.101246  0.101246  0.101246  0.101248
 0.101342  0.101342  0.101342  0.101342  0.101342  0.101342  0.101342  0.101342  0.101342  0.101344
 0.101439  0.101439  0.101439  0.101439  0.101439  0.101439  0.101439  0.101439  0.101439  0.101441
 0.101538  0.101538  0.101538  0.101537  0.101537  0.101537  0.101537  0.101537  0.101538   0.10154
 0.101637  0.101637  0.101637  0.101637  0.101637  0.101637  0.101637  0.101637  0.101637  0.101639
 0.101738  0.101738  0.101738  0.101738  0.101738  0.101737  0.101737  0.101737  0.101738   0.10174
 0.101839  0.101839  0.101839  0.101839  0.101839  0.101839  0.101839  0.101839  0.101839  0.101842
 0.101941  0.101941  0.101941  0.101941  0.101941  0.101941  0.101941  0.101941  0.101942  0.101944
 0.102044  0.102044  0.102044  0.102044  0.102044  0.102044  0.102044  0.102044  0.102044  0.102047
 0.102147  0.102147  0.102147  0.102147  0.102147  0.102147  0.102147  0.102147  0.102148   0.10215
 0.102251  0.102251  0.102251  0.102251  0.102251  0.102251  0.102251  0.102251  0.102252  0.102254
 0.102356  0.102356  0.102356  0.102356  0.102355  0.102355  0.102355  0.102355  0.102356  0.102359
 0.102461  0.102461  0.102461  0.102461  0.102461   0.10246   0.10246   0.10246  0.102461  0.102464
 0.102566  0.102566  0.102566  0.102566  0.102566  0.102566  0.102566  0.102566  0.102567   0.10257
 0.102672  0.102672  0.102672  0.102672  0.102672  0.102672  0.102672  0.102672  0.102673  0.102676
 0.102779  0.102779  0.102779  0.102779  0.102779  0.102779  0.102778  0.102779   0.10278  0.102783
 0.102886  0.102886  0.102886  0.102886  0.102886  0.102886  0.102886  0.102886  0.102887   0.10289
 0.102994  0.102994  0.102994  0.102994  0.102994  0.102994  0.102993  0.102993  0.102995  0.102998
 0.103102  0.103102  0.103102  0.103102  0.103102  0.103102  0.103102  0.103102  0.103103  0.103107
 0.103211  0.103211  0.103211  0.103211  0.103211  0.103211  0.103211  0.103211  0.103212  0.103216
 0.103321  0.103321  0.103321  0.103321   0.10332   0.10332   0.10332   0.10332  0.103321  0.103325
 0.103431  0.103431  0.103431  0.103431  0.103431   0.10343   0.10343   0.10343  0.103432  0.103436
 0.103542  0.103542  0.103542  0.103542  0.103541  0.103541  0.103541  0.103541  0.103542  0.103547
 0.103653  0.103653  0.103653  0.103653  0.103653  0.103653  0.103652  0.103653  0.103654  0.103658
 0.103765  0.103765  0.103765  0.103765  0.103765  0.103765  0.103765  0.103765  0.103766  0.103771
 0.103878  0.103878  0.103878  0.103878  0.103878  0.103877  0.103877  0.103877  0.103879  0.103884
 0.103992  0.103992  0.103992  0.103991  0.103991  0.103991  0.103991  0.103991  0.103992  0.103997
 0.104106  0.104106  0.104106  0.104106  0.104105  0.104105  0.104105  0.104105  0.104107  0.104112
 0.104221  0.104221  0.104221  0.104221   0.10422   0.10422   0.10422   0.10422  0.104222  0.104227
 0.104337  0.104337  0.104337  0.104336  0.104336  0.104336  0.104336  0.104336  0.104337  0.104343
 0.104453  0.104453  0.104453  0.104453  0.104453  0.104453  0.104452  0.104452  0.104454  0.104459
 0.104571  0.104571  0.104571   0.10457   0.10457   0.10457   0.10457   0.10457  0.104571  0.104577
 0.104689  0.104689  0.104689  0.104689  0.104688  0.104688  0.104688  0.104688   0.10469  0.104695
 0.104808  0.104808  0.104808  0.104808  0.104807  0.104807  0.104807  0.104807  0.104809  0.104815
 0.104928  0.104928  0.104928  0.104928  0.104927  0.104927  0.104927  0.104927  0.104929  0.104935
 0.105049  0.105049  0.105049  0.105048  0.105048  0.105048  0.105048  0.105048  0.105049  0.105056
  0.10517   0.10517   0.10517   0.10517   0.10517   0.10517  0.105169  0.105169  0.105171  0.105178
 0.105293  0.105293  0.105293  0.105293  0.105292  0.105292  0.105292  0.105292  0.105294    0.1053
 0.105417  0.105417  0.105416  0.105416  0.105416  0.105416  0.105415  0.105416  0.105417  0.105424
 0.105541  0.105541  0.105541  0.105541   0.10554   0.10554   0.10554   0.10554  0.105542  0.105549
 0.105667  0.105666  0.105666  0.105666  0.105666  0.105666  0.105665  0.105665  0.105667  0.105674
 0.105793  0.105793  0.105793  0.105792  0.105792  0.105792  0.105792  0.105792  0.105794  0.105801
  0.10592   0.10592   0.10592   0.10592  0.105919  0.105919  0.105919  0.105919  0.105921  0.105928
 0.106048  0.106048  0.106048  0.106048  0.106047  0.106047  0.106047  0.106047  0.106049  0.106056
 0.106177  0.106177  0.106177  0.106176  0.106176  0.106176  0.106175  0.106176  0.106178  0.106185
 0.106306  0.106306  0.106306  0.106306  0.106305  0.106305  0.106305  0.106305  0.106307  0.106315
 0.106436  0.106436  0.106435  0.106435  0.106435  0.106434  0.106434  0.106434  0.106437  0.106445
 0.106565  0.106565  0.106565  0.106565  0.106564  0.106564  0.106564  0.106564  0.106566  0.106574
 0.106694  0.106694  0.106694  0.106694  0.106693  0.106693  0.106693  0.106693  0.106695  0.106703
 0.106822  0.106822  0.106822  0.106822  0.106821  0.106821  0.106821  0.106821  0.106823  0.106832
 0.106948  0.106948  0.106948  0.106947  0.106947  0.106947  0.106946  0.106946  0.106949  0.106957
  0.10707   0.10707   0.10707   0.10707  0.107069  0.107069  0.107068  0.107069  0.107071   0.10708
 0.107187  0.107187  0.107187  0.107187  0.107186  0.107186  0.107186  0.107186  0.107188  0.107197
 0.107297  0.107297  0.107297  0.107296  0.107296  0.107295  0.107295  0.107295  0.107298  0.107307
 0.107396  0.107396  0.107396  0.107395  0.107395  0.107395  0.107394  0.107394  0.107397  0.107406
  0.10748   0.10748   0.10748   0.10748   0.10748  0.107479  0.107479  0.107479  0.107482  0.107491
 0.107545  0.107545  0.107545  0.107545  0.107545  0.107544  0.107544  0.107544  0.107547  0.107556
 0.107584  0.107584  0.107584  0.107584  0.107584  0.107583  0.107583  0.107583  0.107586  0.107595
  0.10759  0.107589  0.107589  0.107589  0.107589  0.107588  0.107588  0.107588  0.107591    0.1076
 0.107551  0.107551  0.107551   0.10755   0.10755  0.107549  0.107549  0.107549  0.107552  0.107562
 0.107456  0.107456  0.107456  0.107456  0.107455  0.107455  0.107455  0.107455  0.107458  0.107467
 0.107291  0.107291  0.107291  0.107291  0.107291   0.10729   0.10729   0.10729  0.107293  0.107302
 0.107039  0.107039  0.107039  0.107039  0.107038  0.107038  0.107038  0.107038  0.107041   0.10705
  0.10668   0.10668  0.106679  0.106679  0.106679  0.106678  0.106678  0.106678  0.106681   0.10669
  0.10619   0.10619   0.10619  0.106189  0.106189  0.106189  0.106188  0.106189  0.106191    0.1062
 0.105544  0.105544  0.105544  0.105544  0.105543  0.105543  0.105543  0.105543  0.105545  0.105553
 0.104713  0.104713  0.104713  0.104713  0.104712  0.104712  0.104712  0.104712  0.104715  0.104721
 0.103666  0.103666  0.103666  0.103665  0.103665  0.103665  0.103665  0.103665  0.103667  0.103673
 0.102368  0.102368  0.102368  0.102368  0.102368  0.102368  0.102367  0.102368   0.10237  0.102373
 0.100785  0.100785  0.100785  0.100785  0.100785  0.100785  0.100785  0.100785  0.100786  0.100788
0.0988798 0.0988799 0.0988799 0.0988799 0.0988799 0.0988799 0.0988801 0.0988805 0.0988812 0.0988806
0.0966171 0.0966171 0.0966172 0.0966172 0.0966174 0.0966175 0.0966178 0.0966182 0.0966181 0.0966146
0.0939619  0.093962 0.0939621 0.0939623 0.0939625 0.0939629 0.0939633 0.0939636 0.0939626 0.0939554
0.0908824 0.0908825 0.0908827  0.090883 0.0908834  0.090884 0.0908846 0.0908848 0.0908826 0.0908712
0.0873509  0.087351 0.0873513 0.0873517 0.0873523 0.0873531 0.0873539 0.0873539 0.0873503 0.0873339
0.0833452 0.0833454 0.0833457 0.0833463 0.0833471 0.0833482 0.0833492 0.0833489 0.0833435 0.0833214
0.0788502 0.0788504 0.0788509 0.0788517 0.0788527 0.0788541 0.0788552 0.0788546 0.0788471 0.0788184
0.0738592 0.0738595 0.0738601 0.0738611 0.0738625 0.0738641 0.0738655 0.0738644 0.0738543 0.0738183
0.0683752 0.0683756 0.0683763 0.0683776 0.0683792 0.0683812 0.0683828  0.068381  0.068368 0.0683238
0.0624114 0.0624118 0.0624128 0.0624142 0.0624163 0.0624186 0.0624203 0.0624177 0.0624012 0.0623482
 0.055992 0.0559925 0.0559936 0.0559954 0.0559978 0.0560005 0.0560023 0.0559986 0.0559782 0.0559156
0.0491521 0.0491527 0.0491541 0.0491561 0.0491589 0.0491621 0.0491638 0.0491588  0.049134 0.0490613
0.0419377 0.0419384   0.04194 0.0419424 0.0419456 0.0419491 0.0419508 0.0419441 0.0419144  0.041831
0.0344044 0.0344053  0.034407 0.0344098 0.0344135 0.0344174 0.0344187 0.0344101 0.0343749 0.0342806
0.0266166 0.0266176 0.0266196 0.0266227 0.0266268  0.026631 0.0266319  0.026621 0.0265799 0.0264746
0.0186454 0.0186465 0.0186488 0.0186523 0.0186568 0.0186612 0.0186615 0.0186479 0.0186005 0.0184843
 0.010567 0.0105683 0.0105708 0.0105747 0.0105796 0.0105841 0.0105835 0.0105668 0.0105128  0.010386