 1.19142e-07  1.19144e-07  1.19148e-07  1.19157e-07   1.1917e-07  1.19192e-07  1.19226e-07  1.19278e-07   1.1936e-07  1.19488e-07
 4.86862e-07  4.86871e-07   4.8689e-07  4.86924e-07   4.8698e-07   4.8707e-07  4.87208e-07  4.87422e-07  4.87753e-07  4.88277e-07
 7.89927e-07  7.89942e-07  7.89975e-07  7.90033e-07   7.9013e-07  7.90283e-07  7.90522e-07   7.9089e-07  7.91459e-07   7.9236e-07
 1.04711e-06  1.04713e-06  1.04718e-06  1.04726e-06  1.04739e-06  1.04761e-06  1.04794e-06  1.04846e-06  1.04925e-06  1.05051e-06
 1.27142e-06  1.27144e-06   1.2715e-06   1.2716e-06  1.27178e-06  1.27205e-06  1.27247e-06  1.27312e-06  1.27414e-06  1.27574e-06
 1.47098e-06  1.47101e-06  1.47108e-06   1.4712e-06  1.47141e-06  1.47173e-06  1.47224e-06  1.47303e-06  1.47424e-06  1.47616e-06
 1.65073e-06  1.65076e-06  1.65084e-06  1.65099e-06  1.65122e-06   1.6516e-06  1.65219e-06   1.6531e-06   1.6545e-06  1.65673e-06
 1.81357e-06  1.81361e-06   1.8137e-06  1.81386e-06  1.81413e-06  1.81456e-06  1.81522e-06  1.81624e-06  1.81783e-06  1.82034e-06
 1.96116e-06  1.96121e-06   1.9613e-06  1.96148e-06  1.96178e-06  1.96225e-06  1.96298e-06  1.96411e-06  1.96587e-06  1.96865e-06
 2.09437e-06  2.09442e-06  2.09453e-06  2.09472e-06  2.09504e-06  2.09555e-06  2.09635e-06  2.09758e-06  2.09949e-06  2.10252e-06
 2.21361e-06  2.21367e-06  2.21378e-06  2.21399e-06  2.21433e-06  2.21488e-06  2.21573e-06  2.21706e-06  2.21911e-06  2.22236e-06
 2.31902e-06  2.31907e-06   2.3192e-06  2.31941e-06  2.31978e-06  2.32036e-06  2.32127e-06  2.32268e-06  2.32487e-06  2.32832e-06
 2.41055e-06   2.4106e-06  2.41073e-06  2.41096e-06  2.41134e-06  2.41195e-06  2.41291e-06  2.41439e-06   2.4167e-06  2.42034e-06
 2.48804e-06   2.4881e-06  2.48823e-06  2.48847e-06  2.48887e-06   2.4895e-06   2.4905e-06  2.49205e-06  2.49447e-06  2.49828e-06
 2.55127e-06  2.55133e-06  2.55147e-06  2.55171e-06  2.55212e-06  2.55278e-06  2.55382e-06  2.55543e-06  2.55793e-06  2.56189e-06
 2.59995e-06  2.60002e-06  2.60015e-06  2.60041e-06  2.60083e-06  2.60151e-06  2.60257e-06  2.60423e-06  2.60681e-06  2.61089e-06
 2.63377e-06  2.63383e-06  2.63397e-06  2.63423e-06  2.63466e-06  2.63535e-06  2.63644e-06  2.63814e-06  2.64078e-06  2.64496e-06
 2.65235e-06  2.65241e-06  2.65255e-06  2.65281e-06  2.65325e-06  2.65395e-06  2.65506e-06  2.65679e-06  2.65948e-06  2.66374e-06
  2.6553e-06  2.65536e-06  2.65551e-06  2.65576e-06   2.6562e-06  2.65691e-06  2.65803e-06  2.65978e-06  2.66251e-06  2.66683e-06
  2.6422e-06  2.64226e-06   2.6424e-06  2.64266e-06   2.6431e-06  2.64381e-06  2.64493e-06  2.64669e-06  2.64944e-06  2.65379e-06
 2.61259e-06  2.61265e-06  2.61279e-06  2.61304e-06  2.61347e-06  2.61418e-06  2.61531e-06  2.61707e-06  2.61982e-06  2.62418e-06
 2.56598e-06  2.56604e-06  2.56618e-06  2.56642e-06  2.56685e-06  2.56755e-06  2.56867e-06  2.57041e-06  2.57315e-06  2.57749e-06
 2.50187e-06  2.50192e-06  2.50205e-06  2.50229e-06  2.50271e-06   2.5034e-06   2.5045e-06  2.50622e-06  2.50893e-06  2.51323e-06
  2.4197e-06  2.41975e-06  2.41988e-06  2.42011e-06  2.42051e-06  2.42118e-06  2.42225e-06  2.42395e-06  2.42661e-06  2.43084e-06
 2.31892e-06  2.31896e-06  2.31908e-06   2.3193e-06  2.31969e-06  2.32033e-06  2.32137e-06  2.32302e-06  2.32562e-06  2.32975e-06
 2.19892e-06  2.19896e-06  2.19907e-06  2.19927e-06  2.19964e-06  2.20025e-06  2.20125e-06  2.20285e-06  2.20537e-06  2.20937e-06
 2.05908e-06  2.05912e-06  2.05921e-06   2.0594e-06  2.05974e-06  2.06032e-06  2.06128e-06   2.0628e-06  2.06522e-06  2.06906e-06
 1.89876e-06  1.89879e-06  1.89888e-06  1.89905e-06  1.89936e-06   1.8999e-06  1.90079e-06  1.90223e-06  1.90453e-06  1.90819e-06
 1.71728e-06  1.71731e-06  1.71738e-06  1.71753e-06  1.71781e-06   1.7183e-06  1.71913e-06  1.72047e-06  1.72263e-06  1.72607e-06
 1.51396e-06  1.51398e-06  1.51404e-06  1.51416e-06  1.51441e-06  1.51485e-06  1.51559e-06  1.51682e-06  1.51882e-06  1.52201e-06
 1.28808e-06  1.28809e-06  1.28813e-06  1.28823e-06  1.28843e-06  1.28881e-06  1.28947e-06  1.29058e-06  1.29238e-06  1.29529e-06
 1.03891e-06  1.03891e-06  1.03893e-06    1.039e-06  1.03915e-06  1.03946e-06  1.04003e-06  1.04099e-06  1.04259e-06  1.04518e-06
 7.65684e-07  7.65679e-07   7.6568e-07  7.65712e-07  7.65817e-07  7.66053e-07   7.6651e-07  7.67316e-07  7.68683e-07  7.70913e-07
 4.67646e-07   4.6763e-07  4.67609e-07  4.67605e-07  4.67653e-07  4.67808e-07  4.68145e-07  4.68778e-07   4.6989e-07  4.71725e-07
 1.44009e-07  1.43982e-07  1.43937e-07  1.43892e-07   1.4388e-07  1.43945e-07  1.44151e-07  1.44594e-07  1.45425e-07  1.46827e-07
-2.06021e-07  -2.0606e-07 -2.06132e-07  -2.0622e-07 -2.06299e-07 -2.06332e-07 -2.06268e-07 -2.06033e-07 -2.05509e-07  -2.0458e-07
-5.83249e-07 -5.83301e-07 -5.83401e-07 -5.83536e-07 -5.83687e-07 -5.83827e-07 -5.83918e-07 -5.83908e-07 -5.83719e-07 -5.83304e-07
-9.88486e-07 -9.88553e-07 -9.88683e-07 -9.88869e-07 -9.89098e-07 -9.89352e-07 -9.89611e-07 -9.89846e-07 -9.90019e-07  -9.9016e-07
-1.42255e-06 -1.42263e-06 -1.42279e-06 -1.42303e-06 -1.42335e-06 -1.42372e-06 -1.42416e-06 -1.42466e-06 -1.42523e-06 -1.42597e-06
-1.88625e-06 -1.88635e-06 -1.88655e-06 -1.88685e-06 -1.88725e-06 -1.88776e-06 -1.88839e-06 -1.88918e-06 -1.89016e-06 -1.89155e-06
-2.38041e-06 -2.38052e-06 -2.38076e-06 -2.38112e-06 -2.38162e-06 -2.38227e-06 -2.38312e-06  -2.3842e-06 -2.38564e-06 -2.38772e-06
-2.90583e-06 -2.90596e-06 -2.90624e-06 -2.90667e-06 -2.90727e-06 -2.90808e-06 -2.90914e-06 -2.91055e-06 -2.91247e-06 -2.91529e-06
-3.46331e-06 -3.46346e-06 -3.46378e-06 -3.46428e-06 -3.46499e-06 -3.46596e-06 -3.46727e-06 -3.46903e-06 -3.47146e-06 -3.47507e-06
-4.05363e-06 -4.05381e-06 -4.05417e-06 -4.05475e-06 -4.05558e-06 -4.05672e-06 -4.05828e-06 -4.06041e-06 -4.06339e-06 -4.06784e-06
-4.67757e-06 -4.67777e-06 -4.67818e-06 -4.67884e-06 -4.67979e-06 -4.68111e-06 -4.68294e-06 -4.68546e-06 -4.68902e-06 -4.69437e-06
-5.33585e-06 -5.33608e-06 -5.33654e-06 -5.33728e-06 -5.33837e-06 -5.33989e-06   -5.342e-06 -5.34494e-06 -5.34911e-06 -5.35541e-06
-6.02921e-06 -6.02946e-06 -6.02997e-06 -6.03081e-06 -6.03203e-06 -6.03376e-06 -6.03617e-06 -6.03955e-06 -6.04438e-06 -6.05167e-06
-6.75831e-06 -6.75858e-06 -6.75916e-06 -6.76009e-06 -6.76145e-06  -6.7634e-06 -6.76613e-06 -6.76997e-06 -6.77549e-06 -6.78384e-06
 -7.5238e-06  -7.5241e-06 -7.52474e-06 -7.52576e-06 -7.52729e-06 -7.52946e-06 -7.53253e-06 -7.53686e-06  -7.5431e-06 -7.55257e-06
-8.32627e-06 -8.32661e-06  -8.3273e-06 -8.32844e-06 -8.33012e-06 -8.33254e-06 -8.33596e-06 -8.34081e-06 -8.34781e-06 -8.35845e-06
-9.16628e-06 -9.16664e-06 -9.16741e-06 -9.16865e-06 -9.17051e-06 -9.17317e-06 -9.17696e-06 -9.18236e-06 -9.19017e-06 -9.20203e-06
-1.00443e-05 -1.00447e-05 -1.00455e-05 -1.00469e-05 -1.00489e-05 -1.00519e-05  -1.0056e-05  -1.0062e-05 -1.00707e-05 -1.00838e-05
-1.09608e-05 -1.09612e-05 -1.09621e-05 -1.09636e-05 -1.09658e-05  -1.0969e-05 -1.09736e-05 -1.09802e-05 -1.09897e-05 -1.10042e-05
 -1.1916e-05 -1.19165e-05 -1.19175e-05 -1.19191e-05 -1.19215e-05  -1.1925e-05   -1.193e-05 -1.19372e-05 -1.19476e-05 -1.19636e-05
-1.29104e-05 -1.29109e-05 -1.29119e-05 -1.29137e-05 -1.29163e-05 -1.29201e-05 -1.29255e-05 -1.29334e-05 -1.29448e-05 -1.29622e-05
-1.39439e-05 -1.39445e-05 -1.39456e-05 -1.39475e-05 -1.39503e-05 -1.39545e-05 -1.39604e-05 -1.39689e-05 -1.39813e-05 -1.40002e-05
-1.50168e-05 -1.50174e-05 -1.50186e-05 -1.50207e-05 -1.50237e-05 -1.50282e-05 -1.50346e-05 -1.50438e-05 -1.50573e-05 -1.50778e-05
-1.61291e-05 -1.61297e-05  -1.6131e-05 -1.61332e-05 -1.61365e-05 -1.61413e-05 -1.61482e-05 -1.61581e-05 -1.61727e-05 -1.61948e-05
-1.72805e-05 -1.72812e-05 -1.72826e-05 -1.72849e-05 -1.72885e-05 -1.72936e-05  -1.7301e-05 -1.73117e-05 -1.73274e-05 -1.73513e-05
-1.84709e-05 -1.84716e-05 -1.84731e-05 -1.84756e-05 -1.84794e-05 -1.84849e-05 -1.84929e-05 -1.85044e-05 -1.85212e-05 -1.85469e-05
-1.96999e-05 -1.97006e-05 -1.97023e-05 -1.97049e-05  -1.9709e-05 -1.97149e-05 -1.97234e-05 -1.97357e-05 -1.97537e-05 -1.97812e-05
-2.09669e-05 -2.09677e-05 -2.09694e-05 -2.09723e-05 -2.09766e-05 -2.09829e-05  -2.0992e-05 -2.10051e-05 -2.10244e-05 -2.10538e-05
-2.22714e-05 -2.22722e-05  -2.2274e-05  -2.2277e-05 -2.22816e-05 -2.22883e-05  -2.2298e-05  -2.2312e-05 -2.23326e-05 -2.23639e-05
-2.36124e-05 -2.36133e-05 -2.36152e-05 -2.36184e-05 -2.36232e-05 -2.36304e-05 -2.36407e-05 -2.36556e-05 -2.36775e-05 -2.37108e-05
-2.49889e-05 -2.49899e-05  -2.4992e-05 -2.49953e-05 -2.50005e-05  -2.5008e-05  -2.5019e-05 -2.50348e-05  -2.5058e-05 -2.50934e-05
-2.63999e-05  -2.6401e-05 -2.64031e-05 -2.64067e-05 -2.64121e-05 -2.64201e-05 -2.64317e-05 -2.64485e-05 -2.64731e-05 -2.65106e-05
 -2.7844e-05 -2.78451e-05 -2.78474e-05 -2.78511e-05 -2.78569e-05 -2.78653e-05 -2.78776e-05 -2.78953e-05 -2.79213e-05  -2.7961e-05
-2.93196e-05 -2.93207e-05 -2.93231e-05 -2.93271e-05 -2.93331e-05  -2.9342e-05  -2.9355e-05 -2.93737e-05 -2.94012e-05 -2.94431e-05
-3.08249e-05  -3.0826e-05 -3.08286e-05 -3.08328e-05 -3.08391e-05 -3.08485e-05 -3.08621e-05 -3.08819e-05 -3.09108e-05  -3.0955e-05
-3.23579e-05 -3.23592e-05 -3.23618e-05 -3.23662e-05 -3.23729e-05 -3.23828e-05 -3.23971e-05 -3.24179e-05 -3.24483e-05 -3.24948e-05
-3.39165e-05 -3.39178e-05 -3.39206e-05 -3.39252e-05 -3.39323e-05 -3.39426e-05 -3.39577e-05 -3.39795e-05 -3.40115e-05 -3.40603e-05
-3.54982e-05 -3.54996e-05 -3.55025e-05 -3.55074e-05 -3.55147e-05 -3.55256e-05 -3.55414e-05 -3.55642e-05 -3.55978e-05  -3.5649e-05
-3.71004e-05 -3.71018e-05 -3.71049e-05 -3.71099e-05 -3.71177e-05  -3.7129e-05 -3.71455e-05 -3.71694e-05 -3.72046e-05 -3.72582e-05
-3.87201e-05 -3.87216e-05 -3.87248e-05   -3.873e-05 -3.87381e-05   -3.875e-05 -3.87672e-05 -3.87922e-05  -3.8829e-05  -3.8885e-05
-4.03541e-05 -4.03556e-05 -4.03589e-05 -4.03644e-05 -4.03728e-05 -4.03852e-05 -4.04032e-05 -4.04293e-05 -4.04677e-05 -4.05262e-05
-4.19989e-05 -4.20005e-05  -4.2004e-05 -4.20097e-05 -4.20185e-05 -4.20314e-05 -4.20501e-05 -4.20773e-05 -4.21173e-05 -4.21782e-05
-4.36508e-05 -4.36525e-05 -4.36561e-05 -4.36621e-05 -4.36712e-05 -4.36846e-05 -4.37041e-05 -4.37324e-05  -4.3774e-05 -4.38374e-05
-4.53059e-05 -4.53077e-05 -4.53114e-05 -4.53176e-05  -4.5327e-05  -4.5341e-05 -4.53613e-05 -4.53906e-05 -4.54338e-05 -4.54997e-05
-4.69598e-05 -4.69616e-05 -4.69655e-05 -4.69719e-05 -4.69817e-05 -4.69962e-05 -4.70172e-05 -4.70477e-05 -4.70925e-05 -4.71609e-05
-4.86079e-05 -4.86098e-05 -4.86138e-05 -4.86205e-05 -4.86306e-05 -4.86456e-05 -4.86674e-05  -4.8699e-05 -4.87454e-05 -4.88162e-05
-5.02455e-05 -5.02474e-05 -5.02516e-05 -5.02584e-05 -5.02689e-05 -5.02844e-05  -5.0307e-05 -5.03396e-05 -5.03876e-05 -5.04608e-05
-5.18673e-05 -5.18693e-05 -5.18735e-05 -5.18806e-05 -5.18915e-05 -5.19075e-05 -5.19307e-05 -5.19645e-05 -5.20141e-05 -5.20897e-05
-5.34678e-05 -5.34699e-05 -5.34743e-05 -5.34816e-05 -5.34928e-05 -5.35093e-05 -5.35333e-05 -5.35681e-05 -5.36192e-05 -5.36972e-05
-5.50415e-05 -5.50436e-05 -5.50481e-05 -5.50557e-05 -5.50672e-05 -5.50842e-05 -5.51089e-05 -5.51447e-05 -5.51973e-05 -5.52776e-05
-5.65822e-05 -5.65844e-05  -5.6589e-05 -5.65968e-05 -5.66086e-05 -5.66261e-05 -5.66515e-05 -5.66883e-05 -5.67424e-05 -5.68249e-05
-5.80837e-05 -5.80859e-05 -5.80907e-05 -5.80987e-05 -5.81108e-05 -5.81287e-05 -5.81548e-05 -5.81926e-05 -5.82481e-05 -5.83328e-05
-5.95394e-05 -5.95417e-05 -5.95466e-05 -5.95547e-05 -5.95672e-05 -5.95856e-05 -5.96123e-05  -5.9651e-05 -5.97079e-05 -5.97947e-05
-6.09425e-05 -6.09448e-05 -6.09498e-05 -6.09582e-05 -6.09709e-05 -6.09897e-05  -6.1017e-05 -6.10567e-05  -6.1115e-05 -6.12038e-05
-6.22858e-05 -6.22882e-05 -6.22934e-05 -6.23019e-05 -6.23149e-05 -6.23341e-05  -6.2362e-05 -6.24025e-05 -6.24621e-05 -6.25528e-05
-6.35622e-05 -6.35646e-05 -6.35698e-05 -6.35785e-05 -6.35918e-05 -6.36114e-05 -6.36399e-05 -6.36812e-05 -6.37419e-05 -6.38345e-05
-6.47639e-05 -6.47664e-05 -6.47717e-05 -6.47805e-05 -6.47941e-05  -6.4814e-05 -6.48431e-05 -6.48851e-05  -6.4947e-05 -6.50412e-05
-6.58832e-05 -6.58857e-05 -6.58911e-05 -6.59001e-05 -6.59139e-05 -6.59342e-05 -6.59637e-05 -6.60065e-05 -6.60694e-05 -6.61652e-05
-6.69121e-05 -6.69147e-05 -6.69202e-05 -6.69293e-05 -6.69433e-05 -6.69639e-05 -6.69938e-05 -6.70373e-05 -6.71011e-05 -6.71984e-05
-6.78425e-05 -6.78451e-05 -6.78507e-05 -6.78599e-05 -6.78741e-05  -6.7895e-05 -6.79253e-05 -6.79693e-05  -6.8034e-05 -6.81325e-05
 -6.8666e-05 -6.86686e-05 -6.86742e-05 -6.86836e-05 -6.86979e-05  -6.8719e-05 -6.87497e-05 -6.87942e-05 -6.88596e-05 -6.89593e-05
 -6.9374e-05 -6.93767e-05 -6.93823e-05 -6.93918e-05 -6.94063e-05 -6.94276e-05 -6.94586e-05 -6.95035e-05 -6.95696e-05 -6.96702e-05
 -6.9958e-05 -6.99607e-05 -6.99664e-05  -6.9976e-05 -6.99905e-05  -7.0012e-05 -7.00433e-05 -7.00885e-05 -7.01551e-05 -7.02566e-05
-7.04093e-05  -7.0412e-05 -7.04177e-05 -7.04273e-05  -7.0442e-05 -7.04636e-05  -7.0495e-05 -7.05406e-05 -7.06076e-05 -7.07096e-05
 -7.0719e-05 -7.07217e-05 -7.07275e-05 -7.07371e-05 -7.07518e-05 -7.07735e-05 -7.08051e-05 -7.08508e-05 -7.09181e-05 -7.10205e-05
-7.08783e-05  -7.0881e-05 -7.08868e-05 -7.08965e-05 -7.09112e-05  -7.0933e-05 -7.09646e-05 -7.10104e-05 -7.10778e-05 -7.11805e-05