8.10249e-07 8.10249e-07 8.10249e-07 8.10249e-07 8.10249e-07 8.10249e-07 8.10249e-07 8.10249e-07 8.10249e-07 8.10249e-07
2.49037e-07 2.49037e-07 2.49037e-07 2.49037e-07 2.49037e-07 2.49037e-07 2.49037e-07 2.49037e-07 2.49037e-07 2.49037e-07
1.38557e-07 1.38557e-07 1.38557e-07 1.38557e-07 1.38557e-07 1.38557e-07 1.38557e-07 1.38557e-07 1.38557e-07 1.38557e-07
7.48423e-08 7.48423e-08 7.48423e-08 7.48423e-08 7.48423e-08 7.48423e-08 7.48423e-08 7.48423e-08 7.48423e-08 7.48423e-08
4.03615e-08 4.03615e-08 4.03615e-08 4.03615e-08 4.03615e-08 4.03615e-08 4.03615e-08 4.03615e-08 4.03615e-08 4.03615e-08
2.18084e-08 2.18084e-08 2.18084e-08 2.18084e-08 2.18084e-08 2.18084e-08 2.18084e-08 2.18084e-08 2.18084e-08 2.18084e-08
1.18276e-08 1.18276e-08 1.18276e-08 1.18276e-08 1.18276e-08 1.18276e-08 1.18276e-08 1.18276e-08 1.18276e-08 1.18276e-08
6.46103e-09 6.46103e-09 6.46103e-09 6.46103e-09 6.46103e-09 6.46103e-09 6.46103e-09 6.46103e-09 6.46103e-09 6.46103e-09
3.57752e-09 3.57752e-09 3.57752e-09 3.57752e-09 3.57752e-09 3.57752e-09 3.57752e-09 3.57752e-09 3.57752e-09 3.57753e-09
2.02972e-09 2.02972e-09 2.02972e-09 2.02972e-09 2.02972e-09 2.02972e-09 2.02972e-09 2.02972e-09 2.02972e-09 2.02973e-09
1.20001e-09 1.20001e-09 1.20001e-09 1.20001e-09 1.20001e-09 1.20001e-09 1.20001e-09 1.20001e-09 1.20001e-09 1.20001e-09
7.56016e-10 7.56016e-10 7.56016e-10 7.56016e-10 7.56015e-10 7.56015e-10 7.56015e-10 7.56015e-10 7.56015e-10 7.56017e-10
5.18986e-10 5.18986e-10 5.18986e-10 5.18986e-10 5.18986e-10 5.18986e-10 5.18986e-10 5.18986e-10 5.18986e-10 5.18987e-10
 3.9283e-10  3.9283e-10  3.9283e-10  3.9283e-10  3.9283e-10  3.9283e-10  3.9283e-10  3.9283e-10  3.9283e-10 3.92831e-10
3.25947e-10 3.25947e-10 3.25947e-10 3.25947e-10 3.25947e-10 3.25947e-10 3.25947e-10 3.25947e-10 3.25947e-10 3.25948e-10
2.90665e-10 2.90665e-10 2.90665e-10 2.90665e-10 2.90664e-10 2.90664e-10 2.90664e-10 2.90664e-10 2.90664e-10 2.90665e-10
 2.7217e-10  2.7217e-10  2.7217e-10  2.7217e-10  2.7217e-10  2.7217e-10  2.7217e-10  2.7217e-10  2.7217e-10 2.72171e-10
2.62556e-10 2.62556e-10 2.62556e-10 2.62556e-10 2.62556e-10 2.62556e-10 2.62556e-10 2.62556e-10 2.62556e-10 2.62557e-10
2.57613e-10 2.57613e-10 2.57613e-10 2.57613e-10 2.57613e-10 2.57612e-10 2.57612e-10 2.57612e-10 2.57612e-10 2.57614e-10
2.55111e-10 2.55111e-10 2.55111e-10 2.55111e-10 2.55111e-10 2.55111e-10 2.55111e-10 2.55111e-10 2.55111e-10 2.55112e-10
2.53878e-10 2.53878e-10 2.53878e-10 2.53878e-10 2.53877e-10 2.53877e-10 2.53877e-10 2.53877e-10 2.53877e-10 2.53879e-10
2.53296e-10 2.53296e-10 2.53296e-10 2.53296e-10 2.53296e-10 2.53296e-10 2.53295e-10 2.53295e-10 2.53296e-10 2.53297e-10
2.53046e-10 2.53046e-10 2.53046e-10 2.53046e-10 2.53046e-10 2.53046e-10 2.53046e-10 2.53046e-10 2.53046e-10 2.53047e-10
2.52965e-10 2.52965e-10 2.52965e-10 2.52965e-10 2.52965e-10 2.52965e-10 2.52965e-10 2.52964e-10 2.52965e-10 2.52966e-10
2.52967e-10 2.52967e-10 2.52967e-10 2.52967e-10 2.52967e-10 2.52967e-10 2.52967e-10 2.52967e-10 2.52967e-10 2.52968e-10
2.53011e-10 2.53011e-10 2.53011e-10 2.53011e-10 2.53011e-10 2.53011e-10  2.5301e-10  2.5301e-10  2.5301e-10 2.53012e-10
2.53075e-10 2.53075e-10 2.53075e-10 2.53074e-10 2.53074e-10 2.53074e-10 2.53074e-10 2.53074e-10 2.53074e-10 2.53076e-10
2.53148e-10 2.53148e-10 2.53148e-10 2.53148e-10 2.53148e-10 2.53148e-10 2.53148e-10 2.53148e-10 2.53148e-10  2.5315e-10
2.53226e-10 2.53226e-10 2.53226e-10 2.53226e-10 2.53226e-10 2.53226e-10 2.53226e-10 2.53226e-10 2.53226e-10 2.53228e-10
2.53307e-10 2.53307e-10 2.53307e-10 2.53307e-10 2.53307e-10 2.53307e-10 2.53307e-10 2.53307e-10 2.53307e-10 2.53308e-10
2.53389e-10 2.53389e-10 2.53389e-10 2.53389e-10 2.53389e-10 2.53388e-10 2.53388e-10 2.53388e-10 2.53388e-10  2.5339e-10
2.53471e-10 2.53471e-10 2.53471e-10 2.53471e-10 2.53471e-10 2.53471e-10 2.53471e-10  2.5347e-10 2.53471e-10 2.53473e-10
2.53554e-10 2.53554e-10 2.53554e-10 2.53553e-10 2.53553e-10 2.53553e-10 2.53553e-10 2.53553e-10 2.53553e-10 2.53555e-10
2.53636e-10 2.53636e-10 2.53636e-10 2.53636e-10 2.53636e-10 2.53636e-10 2.53636e-10 2.53636e-10 2.53636e-10 2.53638e-10
 2.5372e-10  2.5