  0.0999992   0.0999992   0.0999992   0.0999992   0.0999992   0.0999992   0.0999992   0.0999992   0.0999992   0.0999992
  0.0999998   0.0999998   0.0999998   0.0999998   0.0999998   0.0999998   0.0999998   0.0999998   0.0999998   0.0999998
  0.0999999   0.0999999   0.0999999   0.0999999   0.0999999   0.0999999   0.0999999   0.0999999   0.0999999   0.0999999
  0.0999999   0.0999999   0.0999999   0.0999999   0.0999999   0.0999999   0.0999999   0.0999999   0.0999999   0.0999999
        0.1         0.1         0.1         0.1         0.1         0.1         0.1         0.1         0.1         0.1
        0.1         0.1         0.1         0.1         0.1         0.1         0.1         0.1         0.1         0.1
        0.1         0.1         0.1         0.1         0.1         0.1         0.1         0.1         0.1         0.1
        0.1         0.1         0.1         0.1         0.1         0.1         0.1         0.1         0.1         0.1
        0.1         0.1         0.1         0.1         0.1         0.1         0.1         0.1         0.1         0.1
        0.1         0.1         0.1         0.1         0.1         0.1         0.1         0.1         0.1         0.1
        0.1         0.1         0.1         0.1         0.1         0.1         0.1         0.1         0.1         0.1
        0.1         0.1         0.1         0.1         0.1         0.1         0.1         0.1         0.1         0.1
        0.1         0.1         0.1         0.1         0.1         0.1         0.1         0.1         0.1         0.1
        0.1         0.1         0.1         0.1         0.1         0.1         0.1         0.1         0.1         0.1
        0.1         0.1         0.1         0.1         0.1         0.1         0.1         0.1         0.1         0.1
        0.1         0.1         0.1         0.1         0.1         0.1         0.1         0.1         0.1         0.1
        0.1         0.1         0.1         0.1         0.1         0.1         0.1         0.1         0.1         0.1
        0.1         0.1         0.1         0.1         0.1         0.1         0.1         0.1         0.1         0.1
        0.1         0.1         0.1         0.1         0.1         0.1         0.1         0.1         0.1         0.1
        0.1         0.1         0.1         0.1         0.1         0.1         0.1         0.1         0.1         0.1
        0.1         0.1         0.1         0.1         0.1         0.1         0.1         0.1         0.1         0.1
        0.1         0.1         0.1         0.1         0.1         0.1         0.1         0.1         0.1         0.1
        0.1         0.1         0.1         0.1         0.1         0.1         0.1         0.1         0.1         0.1
        0.1         0.1         0.1         0.1         0.1         0.1         0.1         0.1         0.1         0.1
        0.1         0.1         0.1         0.1         0.1         0.1         0.1         0.1         0.1         0.1
        0.1         0.1         0.1         0.1         0.1         0.1         0.1         0.1         0.1         0.1
        0.1         0.1         0.1         0.1         0.1         0.1         0.1         0.1         0.1         0.1
        0.1         0.1         0.1         0.1         0.1         0.1         0.1         0.1         0.1         0.1
        0.1         0.1         0.1         0.1         0.1         0.1         0.1         0.1         0.1         0.1
        0.1         0.1         0.1         0.1         0.1         0.1         0.1         0.1         0.1         0.1
        0.1         0.1         0.1         0.1         0.1         0.1         0.1         0.1         0.1         0.1
        0.1         0.1         0.1         0.1         0.1         0.1         0.1         0.1         0.1         0.1
        0.1         0.1         0.1         0.1         0.1         0.1         0.1         0.1         0.1         0.1
        0.1         0.1         0.1         0.1         0.1         0.1         0.1         0.1         0.1         0.1
        0.1         0.1         0.1         0.1         0.1         0.1         0.1         0.1         0.1         0.1
        0.1         0.1         0.1         0.1         0.1         0.1         0.1         0.1         0.1         0.1
        0.1         0.1         0.1         0.1         0.1         0.1         0.1         0.1         0.1         0.1
        0.1         0.1         0.1         0.1         0.1         0.1         0.1         0.1         0.1         0.1
        0.1         0.1         0.1         0.1         0.1         0.1         0.1         0.1         0.1         0.1
        0.1         0.1         0.1         0.1         0.1         0.1         0.1         0.1         0.1         0.1
        0.1         0.1         0.1         0.1         0.1         0.1         0.1         0.1         0.1         0.1
        0.1         0.1         0.1         0.1         0.1         0.1         0.1         0.1         0.1         0.1
        0.1         0.1         0.1         0.1         0.1         0.1         0.1         0.1         0.1         0.1
        0.1         0.1         0.1         0.1         0.1         0.1         0.1         0.1         0.1         0.1
        0.1         0.1         0.1         0.1         0.1         0.1         0.1         0.1         0.1         0.1
        0.1         0.1         0.1         0.1         0.1         0.1         0.1         0.1         0.1         0.1
        0.1         0.1         0.1         0.1         0.1         0.1         0.1         0.1         0.1         0.1
        0.1         0.1         0.1         0.1         0.1         0.1         0.1         0.1         0.1         0.1
        0.1         0.1         0.1         0.1         0.1         0.1         0.1         0.1         0.1         0.1
        0.1         0.1         0.1         0.1         0.1         0.1         0.1         0.1         0.1         0.1
        0.1         0.1         0.1         0.1         0.1         0.1         0.1         0.1         0.1         0.1
        0.1         0.1         0.1         0.1         0.1         0.1         0.1         0.1         0.1         0.1
        0.1         0.1         0.1         0.1         0.1         0.1         0.1         0.1         0.1         0.1
        0.1         0.1         0.1         0.1         0.1         0.1         0.1         0.1         0.1         0.1
        0.1         0.1         0.1         0.1         0.1         0.1         0.1         0.1         0.1         0.1
        0.1         0.1         0.1         0.1         0.1         0.1         0.1         0.1         0.1         0.1
        0.1         0.1         0.1         0.1         0.1         0.1         0.1         0.1         0.1         0.1
        0.1         0.1         0.1         0.1         0.1         0.1         0.1         0.1         0.1         0.1
        0.1         0.1         0.1         0.1         0.1         0.1         0.1         0.1         0.1         0.1
        0.1         0.1         0.1         0.1         0.1         0.1         0.1         0.1         0.1         0.1
        0.1         0.1         0.1         0.1         0.1         0.1         0.1         0.1         0.1         0.1
        0.1         0.1         0.1         0.1         0.1         0.1         0.1         0.1         0.1         0.1
        0.1         0.1         0.1         0.1         0.1         0.1         0.1         0.1         0.1         0.1
        0.1         0.1         0.1         0.1         0.1         0.1         0.1         0.1         0.1         0.1
        0.1         0.1         0.1         0.1         0.1         0.1         0.1         0.1         0.1         0.1
        0.1         0.1         0.1         0.1         0.1         0.1         0.1         0.1         0.1         0.1
        0.1         0.1         0.1         0.1         0.1         0.1         0.1         0.1         0.1         0.1
        0.1         0.1         0.1         0.1         0.1         0.1         0.1         0.1         0.1         0.1
  0.0999999   0.0999999   0.0999999   0.0999999   0.0999999   0.0999999   0.0999999   0.0999999   0.0999999   0.0999999
  0.0999999   0.0999999   0.0999999   0.0999999   0.0999999   0.0999999   0.0999999   0.0999999   0.0999999   0.0999999
  0.0999997   0.0999997   0.0999997   0.0999997   0.0999997   0.0999997   0.0999997   0.0999997   0.0999997   0.0999997
  0.0999994   0.0999994   0.0999994   0.0999994   0.0999994   0.0999994   0.0999994   0.0999994   0.0999994   0.0999994
  0.0999987   0.0999987   0.0999987   0.0999987   0.0999987   0.0999987   0.0999987   0.0999987   0.0999987   0.0999987
  0.0999974   0.0999974   0.0999974   0.0999974   0.0999974   0.0999974   0.0999974   0.0999974   0.0999974   0.0999974
  0.0999949   0.0999949   0.0999949   0.0999949   0.0999949   0.0999949   0.0999949   0.0999949   0.0999949   0.0999949
  0.0999901   0.0999901   0.0999901   0.0999901   0.0999901   0.0999901   0.0999901   0.0999901   0.0999901   0.0999901
  0.0999813   0.0999813   0.0999813   0.0999813   0.0999813   0.0999813   0.0999813   0.0999813   0.0999813   0.0999813
  0.0999654   0.0999654   0.0999654   0.0999654   0.0999654   0.0999654   0.0999654   0.0999654   0.0999654   0.0999654
  0.0999373   0.0999373   0.0999373   0.0999373   0.0999373   0.0999373   0.0999373   0.0999373   0.0999373   0.0999373
  0.0998889   0.0998889   0.0998889   0.0998889   0.0998889   0.0998889   0.0998889   0.0998889   0.0998889   0.0998888
  0.0998073   0.0998073   0.0998073   0.0998073   0.0998073   0.0998073   0.0998073   0.0998073   0.0998073   0.0998072
  0.0996731   0.0996731   0.0996731   0.0996731   0.0996731   0.0996731   0.0996731   0.0996731   0.0996731    0.099673
  0.0994579   0.0994579   0.0994579   0.0994579   0.0994579   0.0994579   0.0994579   0.0994579   0.0994578   0.0994576
  0.0991208   0.0991208   0.0991208   0.0991208   0.0991208   0.0991208   0.0991208   0.0991208   0.0991208   0.0991203
  0.0986059   0.0986059   0.0986059   0.0986059   0.0986059   0.0986059   0.0986059   0.0986059   0.0986059   0.0986052
  0.0978389   0.0978389   0.0978389   0.0978389   0.0978389   0.0978389   0.0978389   0.0978389   0.0978388   0.0978376
  0.0967249   0.0967249   0.0967249   0.0967249   0.0967249   0.0967249   0.0967249   0.0967249   0.0967247   0.0967227
  0.0951477   0.0951477   0.0951477   0.0951477   0.0951477   0.0951477   0.0951477   0.0951476   0.0951473   0.0951442
  0.0929715   0.0929715   0.0929715   0.0929715   0.0929715   0.0929715   0.0929715   0.0929714   0.0929708    0.092966
  0.0900461   0.0900461   0.0900461   0.0900461   0.0900461   0.0900461   0.0900461    0.090046    0.090045   0.0900376
  0.0862152   0.0862152   0.0862152   0.0862152   0.0862152   0.0862152   0.0862152    0.086215   0.0862134   0.0862024
  0.0813295   0.0813295   0.0813295   0.0813295   0.0813295   0.0813295   0.0813295   0.0813292   0.0813266   0.0813105
   0.075262    0.075262    0.075262    0.075262    0.075262    0.075262    0.075262   0.0752614   0.0752576   0.0752344
  0.0679259   0.0679259   0.0679259   0.0679259   0.0679259   0.0679259   0.0679258   0.0679249   0.0679191   0.0678866
  0.0592914   0.0592914   0.0592914   0.0592914   0.0592914   0.0592913   0.0592912   0.0592898   0.0592813   0.0592367
  0.0493997   0.0493997   0.0493997   0.0493997   0.0493997   0.0493996   0.0493993   0.0493973   0.0493849   0.0493251
  0.0383712   0.0383712   0.0383712   0.0383712   0.0383712   0.0383711   0.0383706   0.0383675     0.03835   0.0382714
  0.0264055   0.0264055   0.0264055   0.0264055   0.0264054   0.0264053   0.0264046   0.0263999   0.0263757   0.0262747
  0.0137724   0.0137724   0.0137724   0.0137724   0.0137724   0.0137722   0.0137711   0.0137643   0.0137313   0.0136043
0.000794466 0.000794466 0.000794466 0.000794461 0.000794424 0.000794152 0.000792394 0.000782679 0.000738669 0.000582438