  0.0667417   0.0667417   0.0667417   0.0667417   0.0667416   0.0667416   0.0667415   0.0667413    0.066741   0.0667405
  0.0669561   0.0669561   0.0669561    0.066956    0.066956    0.066956   0.0669559   0.0669557   0.0669554   0.0669549
  0.0786399   0.0786399   0.0786398   0.0786398   0.0786398   0.0786397   0.0786396   0.0786394    0.078639   0.0786384
  0.0867402   0.0867402   0.0867402   0.0867401   0.0867401     0.08674   0.0867399   0.0867397   0.0867393   0.0867385
  0.0918197   0.0918196   0.0918196   0.0918196   0.0918196   0.0918195   0.0918193   0.0918191   0.0918186   0.0918178
  0.0949193   0.0949193   0.0949193   0.0949193   0.0949192   0.0949191    0.094919   0.0949187   0.0949182   0.0949174
  0.0967648   0.0967648   0.0967647   0.0967647   0.0967647   0.0967646   0.0967644   0.0967641   0.0967636   0.0967627
  0.0978358   0.0978358   0.0978358   0.0978357   0.0978357   0.0978355   0.0978354   0.0978351   0.0978345   0.0978335
   0.098438    0.098438    0.098438    0.098438   0.0984379   0.0984378   0.0984376   0.0984373   0.0984367   0.0984356
  0.0987606   0.0987606   0.0987606   0.0987606   0.0987605   0.0987604   0.0987601   0.0987598   0.0987592   0.0987581
  0.0989177   0.0989177   0.0989177   0.0989176   0.0989175   0.0989174   0.0989172   0.0989168   0.0989161   0.0989149
  0.0989769   0.0989769   0.0989768   0.0989768   0.0989767   0.0989765   0.0989763   0.0989759   0.0989752   0.0989739
  0.0989774   0.0989774   0.0989774   0.0989773   0.0989772    0.098977   0.0989768   0.0989763   0.0989755   0.0989742
  0.0989417   0.0989417   0.0989417   0.0989416   0.0989415   0.0989413    0.098941   0.0989406   0.0989397   0.0989382
  0.0988825   0.0988825   0.0988824   0.0988824   0.0988822    0.098882   0.0988817   0.0988812   0.0988803   0.0988787
  0.0988066   0.0988066   0.0988065   0.0988064   0.0988063   0.0988061   0.0988057   0.0988052   0.0988042   0.0988025
  0.0987177   0.0987176   0.0987176   0.0987175   0.0987174   0.0987171   0.0987167   0.0987161   0.0987151   0.0987132
  0.0986176   0.0986176   0.0986175   0.0986174   0.0986172    0.098617   0.0986166   0.0986159   0.0986147   0.0986127
  0.0985071   0.0985071    0.098507   0.0985069   0.0985067   0.0985064    0.098506   0.0985052    0.098504   0.0985018
  0.0983864   0.0983864   0.0983863   0.0983862    0.098386   0.0983857   0.0983852   0.0983844   0.0983831   0.0983807
  0.0982554   0.0982554   0.0982553   0.0982552    0.098255   0.0982547   0.0982541   0.0982532   0.0982518   0.0982492
  0.0981138   0.0981138   0.0981137   0.0981135   0.0981133   0.0981129   0.0981123   0.0981114   0.0981098    0.098107
   0.097961    0.097961   0.0979609   0.0979607   0.0979605     0.09796   0.0979594   0.0979583   0.0979566   0.0979537
  0.0977966   0.0977965   0.0977964   0.0977962   0.0977959   0.0977955   0.0977948   0.0977936   0.0977918   0.0977886
  0.0976199   0.0976198   0.0976197   0.0976195   0.0976192   0.0976187   0.0976179   0.0976167   0.0976147   0.0976112
  0.0974303   0.0974302   0.0974301   0.0974299   0.0974295    0.097429   0.0974281   0.0974268   0.0974246   0.0974209
  0.0972271    0.097227   0.0972269   0.0972267   0.0972263   0.0972257   0.0972248   0.0972233    0.097221    0.097217
  0.0970097   0.0970096   0.0970095   0.0970092   0.0970088   0.0970082   0.0970071   0.0970056    0.097003   0.0969987
  0.0967773   0.0967772   0.0967771   0.0967768   0.0967763   0.0967756   0.0967745   0.0967728     0.09677   0.0967655
  0.0965292   0.0965291   0.0965289   0.0965286   0.0965281   0.0965273   0.0965261   0.0965243   0.0965213   0.0965164
  0.0962645   0.0962644   0.0962642   0.0962639   0.0962633   0.0962625   0.0962612   0.0962592    0.096256   0.0962507
  0.0959826   0.0959825   0.0959822   0.0959819   0.0959813   0.0959803   0.0959789   0.0959768   0.0959733   0.0959676
  0.0956824   0.0956823   0.0956821   0.0956817    0.095681     0.09568   0.0956785   0.0956761   0.0956724   0.0956664
  0.0953634   0.0953632    0.095363   0.0953625   0.0953618   0.0953607   0.0953591   0.0953565   0.0953525    0.095346
  0.0950244   0.0950243    0.095024   0.0950235   0.0950227   0.0950215   0.0950197    0.095017   0.0950127   0.0950057
  0.0946647   0.0946646   0.0946643   0.0946637   0.0946629   0.0946616   0.0946596   0.0946567   0.0946521   0.0946446
  0.0942834   0.0942832   0.0942829   0.0942823   0.0942814     0.09428   0.0942779   0.0942747   0.0942698   0.0942618
  0.0938795   0.0938793    0.093879   0.0938783   0.0938773   0.0938758   0.0938735   0.0938701   0.0938648   0.0938563
  0.0934522    0.093452   0.0934516   0.0934509   0.0934498   0.0934481   0.0934457    0.093442   0.0934363   0.0934273
  0.0930004   0.0930002   0.0929997    0.092999   0.0929978    0.092996   0.0929934   0.0929894   0.0929834   0.0929737
  0.0925232    0.092523   0.0925225   0.0925217   0.0925204   0.0925185   0.0925157   0.0925114   0.0925049   0.0924946
  0.0920198   0.0920195    0.092019   0.0920181   0.0920167   0.0920146   0.0920116    0.092007   0.0920001   0.0919892
   0.091489   0.0914887   0.0914881   0.0914872   0.0914857   0.0914834   0.0914802   0.0914753   0.0914679   0.0914563
    0.09093   0.0909297    0.090929    0.090928   0.0909264    0.090924   0.0909204   0.0909152   0.0909074    0.090895
  0.0903417   0.0903414   0.0903407   0.0903396   0.0903379   0.0903353   0.0903315   0.0903259   0.0903175   0.0903044
  0.0897233    0.089723   0.0897223    0.089721   0.0897191   0.0897164   0.0897123   0.0897063   0.0896974   0.0896835
  0.0890738   0.0890734   0.0890726   0.0890713   0.0890693   0.0890663   0.0890619   0.0890556   0.0890461   0.0890314
  0.0883922   0.0883918    0.088391   0.0883895   0.0883873   0.0883841   0.0883795   0.0883727   0.0883626    0.088347
  0.0876776   0.0876772   0.0876763   0.0876747   0.0876724   0.0876689   0.0876639   0.0876567    0.087646   0.0876296
  0.0869292   0.0869287   0.0869277    0.086926   0.0869235   0.0869198   0.0869145   0.0869068   0.0868954    0.086878
  0.0861459   0.0861453   0.0861442   0.0861424   0.0861397   0.0861358   0.0861301   0.0861219   0.0861099   0.0860915
  0.0853269   0.0853263   0.0853251   0.0853232   0.0853203   0.0853161     0.08531   0.0853013   0.0852886   0.0852692
  0.0844714   0.0844708   0.0844695   0.0844674   0.0844643   0.0844598   0.0844533   0.0844441   0.0844306   0.0844102
  0.0835785   0.0835779   0.0835765   0.0835743   0.0835709   0.0835661   0.0835592   0.0835494   0.0835352   0.0835138
  0.0826475   0.0826468   0.0826454    0.082643   0.0826394   0.0826342   0.0826269   0.0826166   0.0826016    0.082579
  0.0816777   0.0816769   0.0816754   0.0816728    0.081669   0.0816635   0.0816557   0.0816447   0.0816289   0.0816052
  0.0806683   0.0806674   0.0806658    0.080663   0.0806589   0.0806531   0.0806448   0.0806332   0.0806166   0.0805916
  0.0796186   0.0796177   0.0796159    0.079613   0.0796086   0.0796024   0.0795937   0.0795814   0.0795638   0.0795377
  0.0785281   0.0785271   0.0785252    0.078522   0.0785174   0.0785108   0.0785015   0.0784886   0.0784701   0.0784427
  0.0773961   0.0773951    0.077393   0.0773897   0.0773847   0.0773777   0.0773679   0.0773543   0.0773349   0.0773062
  0.0762222   0.0762212    0.076219   0.0762154   0.0762101   0.0762027   0.0761923   0.0761779   0.0761576   0.0761275
   0.075006   0.0750049   0.0750025   0.0749987   0.0749931   0.0749852   0.0749743   0.0749591   0.0749377   0.0749064
   0.073747   0.0737458   0.0737432   0.0737392   0.0737332   0.0737249   0.0737134   0.0736974    0.073675   0.0736422
  0.0724449   0.0724436   0.0724409   0.0724366   0.0724303   0.0724215   0.0724093   0.0723925   0.0723691   0.0723349
  0.0710994   0.0710981   0.0710952   0.0710906   0.0710839   0.0710746   0.0710618   0.0710442   0.0710196    0.070984
  0.0697105    0.069709    0.069706   0.0697011    0.069694   0.0696842   0.0696707   0.0696522   0.0696266   0.0695894
  0.0682779   0.0682763   0.0682731   0.0682679   0.0682605   0.0682501   0.0682359   0.0682165   0.0681897   0.0681511
  0.0668016      0.0668   0.0667965   0.0667911   0.0667832   0.0667722   0.0667573    0.066737   0.0667091   0.0666689
  0.0652817     0.06528   0.0652764   0.0652706   0.0652622   0.0652507    0.065235   0.0652138   0.0651847    0.065143
  0.0637184   0.0637165   0.0637127   0.0637066   0.0636978   0.0636856   0.0636692   0.0636471   0.0636167   0.0635734
  0.0621117   0.0621098   0.0621057   0.0620992     0.06209   0.0620772     0.06206   0.0620369   0.0620053   0.0619604
  0.0604621     0.06046   0.0604557   0.0604489   0.0604392   0.0604258   0.0604078   0.0603836   0.0603508   0.0603043
  0.0587699   0.0587677   0.0587631    0.058756   0.0587457   0.0587317   0.0587128   0.0586877   0.0586536   0.0586054
  0.0570355   0.0570332   0.0570284   0.0570209   0.0570101   0.0569954   0.0569757   0.0569495   0.0569141   0.0568643
  0.0552596   0.0552571   0.0552521   0.0552442   0.0552329   0.0552175   0.0551969   0.0551697    0.055133   0.0550815
  0.0534427   0.0534402   0.0534349   0.0534265   0.0534147   0.0533986   0.0533772   0.0533488   0.0533108   0.0532577
  0.0515857    0.051583   0.0515775   0.0515687   0.0515563   0.0515395   0.0515172   0.0514877   0.0514484   0.0513936
  0.0496894   0.0496865   0.0496807   0.0496715   0.0496585    0.049641   0.0496178   0.0495872   0.0495465   0.0494901
  0.0477546   0.0477516   0.0477454   0.0477358   0.0477223    0.047704   0.0476798   0.0476482   0.0476061    0.047548
  0.0457823   0.0457792   0.0457728   0.0457627   0.0457486   0.0457295   0.0457044   0.0456717   0.0456283   0.0455685
  0.0437738   0.0437705   0.0437638   0.0437533   0.0437385   0.0437187   0.0436927   0.0436587    0.043614   0.0435526
  0.0417301   0.0417267   0.0417196   0.0417087   0.0416933   0.0416726   0.0416457   0.0416106   0.0415645   0.0415014
  0.0396525   0.0396489   0.0396416   0.0396301   0.0396141   0.0395927   0.0395648   0.0395286   0.0394811   0.0394164
  0.0375424   0.0375386    0.037531   0.0375191   0.0375024   0.0374802   0.0374513   0.0374139   0.0373651   0.0372988
  0.0354011   0.0353972   0.0353892   0.0353769   0.0353595   0.0353365   0.0353066   0.0352682    0.035218   0.0351501
  0.0332303   0.0332262   0.0332179    0.033205   0.0331871   0.0331632   0.0331324   0.0330928   0.0330413   0.0329718
  0.0310315   0.0310272   0.0310186   0.0310052   0.0309865   0.0309619   0.0309301   0.0308893   0.0308365   0.0307655
  0.0288062   0.0288018   0.0287928   0.0287789   0.0287596   0.0287342   0.0287014   0.0286595   0.0286054   0.0285329
  0.0265563   0.0265517   0.0265424    0.026528   0.0265081   0.0264818    0.026448    0.026405   0.0263496   0.0262756
  0.0242836   0.0242788   0.0242691   0.0242542   0.0242336   0.0242065   0.0241718   0.0241277    0.024071   0.0239956
  0.0219898   0.0219848   0.0219748   0.0219594   0.0219381   0.0219102   0.0218745   0.0218293   0.0217715   0.0216946
  0.0196768   0.0196717   0.0196614   0.0196455   0.0196235   0.0195948   0.0195581   0.0195119   0.0194528   0.0193746
  0.0173467   0.0173414   0.0173307   0.0173143   0.0172917   0.0172622   0.0172246   0.0171773    0.017117   0.0170375
  0.0150013   0.0149959   0.0149849   0.0149679   0.0149447   0.0149143   0.0148759   0.0148275   0.0147661   0.0146854
  0.0126428   0.0126372   0.0126258   0.0126084   0.0125845   0.0125534    0.012514   0.0124646   0.0124022   0.0123202
  0.0102732   0.0102674   0.0102557   0.0102378   0.0102132   0.0101814   0.0101411   0.0100908   0.0100272  0.00994413
 0.00789454  0.00788858  0.00787655  0.00785816  0.00783298  0.00780035  0.00775924  0.00770795  0.00764343  0.00755923
   0.005509  0.00550288  0.00549051  0.00547165  0.00544585  0.00541249  0.00537054  0.00531835  0.00525286  0.00516765
 0.00311869  0.00311241  0.00309972  0.00308039    0.003054  0.00301992  0.00297717   0.0029241   0.0028577  0.00277154
0.000725775 0.000719331 0.000706331 0.000686539 0.000659563 0.000624795 0.000581271 0.000527373 0.000460107 0.000373071