1.84131e-07 1.82933e-07 1.80579e-07 1.77151e-07 1.72769e-07 1.67586e-07 1.61778e-07 1.55543e-07 1.49089e-07 1.42625e-07 1.36353e-07  1.3046e-07 1.25042e-07 1.20134e-07 1.15731e-07 1.11807e-07  1.0832e-07 1.05222e-07 1.02465e-07       1e-07
1.82917e-07 1.81738e-07 1.79422e-07 1.76049e-07 1.71739e-07  1.6664e-07 1.60927e-07 1.54796e-07  1.4845e-07 1.42096e-07  1.3593e-07 1.30127e-07 1.24783e-07 1.19936e-07 1.15583e-07 1.11699e-07 1.08246e-07 1.05177e-07 1.02444e-07       1e-07
1.80516e-07 1.79376e-07 1.77135e-07 1.73873e-07 1.69703e-07 1.64772e-07 1.59249e-07 1.53322e-07 1.47189e-07 1.41049e-07 1.35087e-07  1.2946e-07 1.24264e-07 1.19538e-07 1.15285e-07 1.11484e-07 1.08099e-07 1.05087e-07 1.02402e-07       1e-07
1.77076e-07 1.75991e-07 1.73859e-07 1.70755e-07 1.66789e-07 1.62099e-07 1.56847e-07 1.51212e-07 1.45381e-07  1.3954e-07 1.33861e-07 1.28485e-07   1.235e-07 1.18951e-07 1.14844e-07 1.11164e-07  1.0788e-07 1.04952e-07  1.0234e-07       1e-07
1.72808e-07 1.71792e-07 1.69794e-07 1.66887e-07 1.63173e-07 1.58781e-07 1.53864e-07 1.48588e-07 1.43126e-07 1.37649e-07 1.32313e-07 1.27242e-07 1.22522e-07 1.18196e-07 1.14275e-07 1.10751e-07 1.07596e-07 1.04777e-07 1.02258e-07       1e-07
1.67945e-07 1.67006e-07 1.65163e-07 1.62479e-07  1.5905e-07 1.54996e-07 1.50457e-07 1.45584e-07 1.40535e-07 1.35465e-07 1.30511e-07 1.25786e-07 1.21367e-07 1.17299e-07 1.13597e-07 1.10256e-07 1.07255e-07 1.04567e-07  1.0216e-07       1e-07
1.62712e-07 1.61857e-07 1.60177e-07 1.57733e-07 1.54609e-07 1.50914e-07 1.46775e-07  1.4233e-07 1.37718e-07 1.33076e-07 1.28528e-07 1.24171e-07 1.20079e-07 1.16293e-07 1.12832e-07 1.09695e-07 1.06868e-07 1.04328e-07 1.02048e-07       1e-07
1.57311e-07 1.56541e-07 1.55029e-07 1.52828e-07 1.50015e-07 1.46687e-07 1.42955e-07 1.38942e-07 1.34773e-07 1.30567e-07 1.26431e-07 1.22453e-07 1.18699e-07 1.15209e-07 1.12004e-07 1.09085e-07 1.06445e-07 1.04066e-07 1.01926e-07       1e-07
1.51909e-07 1.51224e-07 1.49877e-07 1.47916e-07 1.45409e-07  1.4244e-07 1.39109e-07 1.35522e-07 1.31787e-07 1.28008e-07  1.2428e-07  1.2068e-07 1.17266e-07 1.14078e-07 1.11134e-07 1.08443e-07 1.05999e-07 1.03789e-07 1.01795e-07       1e-07
1.46638e-07 1.46033e-07 1.44845e-07 1.43114e-07   1.409e-07 1.38276e-07 1.35328e-07 1.32148e-07 1.28829e-07 1.25463e-07 1.22129e-07 1.18896e-07 1.15816e-07 1.12926e-07 1.10245e-07 1.07783e-07 1.05538e-07 1.03502e-07 1.01661e-07       1e-07
1.41594e-07 1.41065e-07 1.40025e-07  1.3851e-07  1.3657e-07 1.34269e-07  1.3168e-07 1.28882e-07 1.25955e-07 1.22977e-07 1.20018e-07 1.17136e-07 1.14378e-07 1.11777e-07 1.09355e-07  1.0712e-07 1.05074e-07 1.03212e-07 1.01524e-07       1e-07
 1.3684e-07 1.36381e-07 1.35478e-07 1.34161e-07 1.32474e-07  1.3047e-07 1.28213e-07 1.25768e-07 1.23204e-07 1.20588e-07 1.17978e-07 1.15426e-07 1.12974e-07 1.10651e-07 1.08477e-07 1.06464e-07 1.04613e-07 1.02923e-07 1.01388e-07       1e-07
1.32415e-07 1.32019e-07  1.3124e-07 1.30104e-07 1.28646e-07 1.26913e-07 1.24957e-07 1.22835e-07 1.20603e-07 1.18319e-07 1.16032e-07 1.13788e-07 1.11622e-07 1.09562e-07 1.07625e-07 1.05824e-07 1.04162e-07  1.0264e-07 1.01255e-07       1e-07
1.28334e-07 1.27995e-07 1.27327e-07 1.26353e-07 1.25102e-07 1.23612e-07 1.21928e-07 1.20097e-07 1.18167e-07 1.16185e-07 1.14195e-07 1.12234e-07 1.10334e-07 1.08519e-07 1.06806e-07 1.05206e-07 1.03726e-07 1.02366e-07 1.01125e-07       1e-07
1.24596e-07 1.24307e-07 1.23739e-07 1.22909e-07 1.21842e-07  1.2057e-07  1.1913e-07  1.1756e-07 1.15902e-07 1.14194e-07 1.12473e-07 1.10771e-07 1.09116e-07 1.07529e-07 1.06025e-07 1.04616e-07 1.03308e-07 1.02103e-07 1.01001e-07       1e-07
1.21187e-07 1.20943e-07 1.20463e-07 1.19761e-07 1.18857e-07 1.17779e-07 1.16556e-07  1.1522e-07 1.13805e-07 1.12344e-07 1.10867e-07 1.09402e-07 1.07971e-07 1.06595e-07 1.05286e-07 1.04056e-07  1.0291e-07 1.01851e-07 1.00882e-07       1e-07
1.18084e-07  1.1788e-07 1.17477e-07 1.16888e-07 1.16129e-07 1.15223e-07 1.14192e-07 1.13065e-07 1.11868e-07 1.10629e-07 1.09373e-07 1.08123e-07 1.06899e-07 1.05716e-07 1.04589e-07 1.03525e-07 1.02532e-07 1.01612e-07 1.00768e-07       1e-07
1.15257e-07 1.15087e-07 1.14753e-07 1.14264e-07 1.13634e-07  1.1288e-07 1.12021e-07  1.1108e-07 1.10079e-07  1.0904e-07 1.07983e-07 1.06929e-07 1.05894e-07 1.04891e-07 1.03931e-07 1.03023e-07 1.02173e-07 1.01385e-07  1.0066e-07       1e-07
1.12671e-07 1.12533e-07  1.1226e-07 1.11859e-07 1.11343e-07 1.10725e-07  1.1002e-07 1.09246e-07  1.0842e-07 1.07562e-07 1.06687e-07 1.05812e-07  1.0495e-07 1.04113e-07  1.0331e-07 1.02548e-07 1.01833e-07 1.01169e-07 1.00558e-07       1e-07
 1.1029e-07 1.10179e-07  1.0996e-07  1.0964e-07 1.09226e-07 1.08729e-07 1.08162e-07 1.07539e-07 1.06873e-07  1.0618e-07 1.05471e-07 1.04761e-07  1.0406e-07 1.03377e-07  1.0272e-07 1.02096e-07 1.01509e-07 1.00963e-07 1.00459e-07       1e-07
1.08073e-07 1.07987e-07 1.07818e-07 1.07569e-07 1.07248e-07 1.06862e-07 1.06421e-07 1.05936e-07 1.05417e-07 1.04875e-07  1.0432e-07 1.03763e-07 1.03212e-07 1.02674e-07 1.02156e-07 1.01663e-07 1.01198e-07 1.00765e-07 1.00365e-07       1e-07
 1.0598e-07 1.05917e-07 1.05793e-07  1.0561e-07 1.05374e-07 1.05091e-07 1.04767e-07 1.04409e-07 1.04027e-07 1.03627e-07 1.03217e-07 1.02804e-07 1.02396e-07 1.01996e-07  1.0161e-07 1.01243e-07 1.00896e-07 1.00572e-07 1.00273e-07       1e-07
1.03967e-07 1.03926e-07 1.03844e-07 1.03724e-07 1.03568e-07 1.03381e-07 1.03168e-07 1.02932e-07 1.02679e-07 1.02414e-07 1.02143e-07 1.01869e-07 1.01598e-07 1.01332e-07 1.01075e-07  1.0083e-07 1.00599e-07 1.00382e-07 1.00183e-07       1e-07
 1.0199e-07 1.01969e-07 1.01928e-07 1.01868e-07 1.01791e-07 1.01697e-07 1.01591e-07 1.01473e-07 1.01346e-07 1.01214e-07 1.01078e-07 1.00941e-07 1.00804e-07 1.00671e-07 1.00542e-07 1.00418e-07 1.00302e-07 1.00193e-07 1.00092e-07       1e-07
      1e-07       1e-07       1e-07       1e-07       1e-07       1e-07       1e-07       1e-07       1e-07       1e-07       1e-07       1e-07       1e-07       1e-07       1e-07       1e-07       1e-07       1e-07       1e-07       1e-07