 0.0106496  0.0106501  0.0106511  0.0106527  0.0106548  0.0106575  0.0106599  0.0106565  0.0106244  0.0104934  0.0101248  0.0100168 0.00999511  0.0099936 0.00999513 0.00999663 0.00999779 0.00999868  0.0099994       0.01
 0.0102611  0.0102616  0.0102626  0.0102641  0.0102662  0.0102689  0.0102718  0.0102718  0.0102564  0.0101933  0.0100549  0.0100031 0.00999295 0.00999336 0.00999514 0.00999666 0.00999781 0.00999869  0.0099994       0.01
 0.0100577  0.0100582  0.0100591  0.0100605  0.0100625  0.0100651  0.0100683  0.0100708  0.0100681   0.010049  0.0100085 0.00999303 0.00999152 0.00999336 0.00999527 0.00999675 0.00999786 0.00999872 0.00999941       0.01
0.00998451 0.00998493 0.00998578 0.00998711 0.00998895 0.00999137 0.00999439 0.00999771 0.00999999  0.0099981 0.00999092 0.00998956 0.00999143 0.00999369 0.00999553 0.00999691 0.00999796 0.00999878 0.00999944       0.01
 0.0099683 0.00996868 0.00996945 0.00997064 0.00997229 0.00997442 0.00997708 0.00998021 0.00998346 0.00998599 0.00998735 0.00998961 0.00999211 0.00999423 0.00999588 0.00999713 0.00999809 0.00999885 0.00999947       0.01
0.00996961 0.00996994 0.00997062 0.00997167 0.00997309 0.00997491 0.00997716 0.00997979  0.0099827 0.00998561 0.00998825  0.0099908 0.00999304 0.00999486 0.00999628 0.00999739 0.00999825 0.00999894 0.00999951       0.01
0.00997446 0.00997475 0.00997534 0.00997623 0.00997744 0.00997896  0.0099808 0.00998293 0.00998528  0.0099877 0.00999003 0.00999216   0.009994  0.0099955  0.0099967 0.00999766 0.00999842 0.00999904 0.00999955       0.01
0.00997924 0.00997948 0.00997998 0.00998073 0.00998173 0.00998298 0.00998447 0.00998616   0.009988  0.0099899 0.00999174 0.00999342 0.00999489 0.00999612 0.00999712 0.00999793  0.0099986 0.00999914  0.0099996       0.01
0.00998327 0.00998348 0.00998389 0.00998451 0.00998533 0.00998634 0.00998753 0.00998887 0.00999031 0.00999178  0.0099932 0.00999452 0.00999569 0.00999668 0.00999751  0.0099982 0.00999877 0.00999924 0.00999965       0.01
0.00998657 0.00998674 0.00998707 0.00998758 0.00998825 0.00998906 0.00999001 0.00999106 0.00999218 0.00999332 0.00999443 0.00999546 0.00999638 0.00999719 0.00999787 0.00999845 0.00999893 0.00999934 0.00999969       0.01
0.00998924 0.00998937 0.00998965 0.00999006 0.00999059 0.00999124 0.00999199 0.00999282 0.00999369 0.00999458 0.00999544 0.00999625 0.00999699 0.00999763 0.00999819 0.00999867 0.00999908 0.00999943 0.00999973       0.01
0.00999139  0.0099915 0.00999173 0.00999205 0.00999248 0.00999299 0.00999358 0.00999423 0.00999491 0.00999561 0.00999628 0.00999692  0.0099975 0.00999802 0.00999848 0.00999888 0.00999922 0.00999951 0.00999977       0.01
0.00999313 0.00999322  0.0099934 0.00999366 0.00999399  0.0099944 0.00999486 0.00999537  0.0099959 0.00999644 0.00999697 0.00999748 0.00999794 0.00999836 0.00999873 0.00999906 0.00999934 0.00999959 0.00999981       0.01
0.00999453  0.0099946 0.00999474 0.00999494 0.00999521 0.00999553 0.00999589 0.00999629 0.00999671 0.00999713 0.00999755 0.00999794 0.00999831 0.00999865 0.00999895 0.00999921 0.00999945 0.00999965 0.00999984       0.01
0.00999565 0.00999571 0.00999582 0.00999598 0.00999619 0.00999644 0.00999672 0.00999703 0.00999736 0.00999769 0.00999802 0.00999833 0.00999862 0.00999889 0.00999913 0.00999935 0.00999954 0.00999971 0.00999986       0.01
0.00999655  0.0099966 0.00999668 0.00999681 0.00999697 0.00999717 0.00999739 0.00999764 0.00999789 0.00999815  0.0099984 0.00999865 0.00999888 0.00999909 0.00999929 0.00999946 0.00999962 0.00999976 0.00999989       0.01
0.00999728 0.00999731 0.00999738 0.00999748 0.00999761 0.00999776 0.00999793 0.00999812 0.00999832 0.00999852 0.00999872 0.00999891  0.0099991 0.00999927 0.00999942 0.00999956 0.00999969  0.0099998 0.00999991       0.01
0.00999786 0.00999789 0.00999794 0.00999802 0.00999812 0.00999824 0.00999837 0.00999852 0.00999867 0.00999883 0.00999898 0.00999913 0.00999927 0.00999941 0.00999953 0.00999965 0.00999975 0.00999984 0.00999992       0.01
0.00999833 0.00999835 0.00999839 0.00999845 0.00999853 0.00999862 0.00999872 0.00999884 0.00999895 0.00999907  0.0099992 0.00999931 0.00999942 0.00999953 0.00999963 0.00999972  0.0099998 0.00999987 0.00999994       0.01
0.00999871 0.00999873 0.00999876 0.00999881 0.00999886 0.00999893 0.00999901  0.0099991 0.00999919 0.00999928 0.00999937 0.00999946 0.00999955 0.00999963 0.00999971 0.00999978 0.00999984  0.0099999 0.00999995       0.01
0.00999903 0.00999904 0.00999906 0.00999909 0.00999914 0.00999919 0.00999925 0.00999931 0.00999938 0.00999945 0.00999952 0.00999959 0.00999965 0.00999972 0.00999977 0.00999983 0.00999988 0.00999992 0.00999996       0.01
0.00999929  0.0099993 0.00999931 0.00999934 0.00999937 0.00999941 0.00999945  0.0099995 0.00999955  0.0099996 0.00999965  0.0099997 0.00999974 0.00999979 0.00999983 0.00999987 0.00999991 0.00999994 0.00999997       0.01
0.00999952 0.00999952 0.00999954 0.00999955 0.00999957  0.0099996 0.00999963 0.00999966 0.00999969 0.00999973 0.00999976 0.00999979 0.00999983 0.00999986 0.00999989 0.00999991 0.00999994 0.00999996 0.00999998       0.01
0.00999975 0.00999975 0.00999976 0.00999977 0.00999978 0.00999979 0.00999981 0.00999982 0.00999984 0.00999986 0.00999988 0.00999989 0.00999991 0.00999993 0.00999994 0.00999996 0.00999997 0.00999998 0.00999999       0.01
      0.01       0.01       0.01       0.01       0.01       0.01       0.01       0.01       0.01       0.01       0.01       0.01       0.01       0.01       0.01       0.01       0.01       0.01       0.01       0.01