 0.000158182  0.000157186  0.000155119   0.00015183  0.000147059  0.000140408  0.000131264  0.000118699  0.000101446  7.84668e-05  5.16073e-05  3.23909e-05    2.023e-05  1.26913e-05  7.96277e-06   4.9439e-06  2.97845e-06  1.66094e-06  7.28316e-07  1.99808e-26
 0.000137825  0.000136868  0.000134889  0.000131749  0.000127219  0.000120957  0.000112463  0.000101046  8.58974e-05  6.67166e-05  4.56576e-05  2.95871e-05  1.88769e-05      1.2e-05   7.5899e-06   4.7357e-06  2.86163e-06  1.59863e-06  7.01641e-07  2.35536e-26
  0.00011181  0.000110928  0.000109109   0.00010624   0.00010214   9.6553e-05  8.91385e-05  7.94943e-05  6.72903e-05  5.27331e-05  3.75531e-05  2.53181e-05  1.66435e-05  1.07965e-05  6.91906e-06  4.35361e-06  2.64467e-06  1.48208e-06  6.51557e-07 -2.32417e-26
 8.74916e-05   8.6708e-05   8.5099e-05  8.25797e-05  7.90219e-05  7.42563e-05   6.8087e-05  6.03368e-05  5.09706e-05  4.03665e-05  2.96968e-05  2.07506e-05  1.40501e-05  9.31371e-06    6.059e-06  3.85089e-06  2.35441e-06  1.32453e-06  5.83472e-07  3.21567e-26
  6.7131e-05  6.64581e-05  6.50828e-05  6.29474e-05  5.99696e-05  5.60513e-05  5.11005e-05  4.50757e-05  3.80716e-05  3.04523e-05  2.29585e-05  1.65059e-05  1.14627e-05   7.7508e-06  5.11581e-06  3.28411e-06  2.02095e-06  1.14134e-06  5.03762e-07 -1.04763e-27
 5.08047e-05  5.02443e-05  4.91047e-05    4.735e-05  4.49334e-05   4.1807e-05  3.79428e-05  3.33657e-05   2.8205e-05  2.27492e-05  1.74573e-05  1.28217e-05  9.08475e-06  6.24532e-06  4.17383e-06  2.70272e-06  1.67234e-06  9.47368e-07   4.1875e-07 -7.17397e-28
 3.79609e-05  3.75072e-05  3.65888e-05  3.51862e-05  3.32768e-05  3.08442e-05  2.78944e-05  2.44773e-05  2.07137e-05  1.68142e-05   1.3064e-05  9.74291e-06  7.00702e-06  4.87794e-06   3.2909e-06  2.14432e-06  1.33141e-06  7.55311e-07  3.33964e-07 -2.92868e-28
 2.79716e-05  2.76136e-05  2.68922e-05  2.57987e-05  2.43255e-05   2.2474e-05  2.02648e-05  1.77514e-05  1.50323e-05  1.22553e-05  9.59983e-06  7.23238e-06  5.25346e-06  3.68707e-06  2.50112e-06  1.63396e-06  1.01467e-06  5.74813e-07  2.53736e-07  5.00235e-27
 2.02754e-05  1.99998e-05  1.94467e-05  1.86138e-05  1.75022e-05  1.61213e-05  1.44959e-05  1.26736e-05  1.07296e-05  8.76542e-06   6.8957e-06  5.22291e-06    3.812e-06  2.68311e-06  1.82032e-06  1.18582e-06  7.32509e-07  4.12369e-07  1.81088e-07  3.47487e-27
 1.44009e-05  1.41938e-05  1.37796e-05  1.31597e-05  1.23391e-05  1.13298e-05  1.01555e-05  8.85466e-06   7.4826e-06  6.10848e-06  4.80623e-06  3.64041e-06  2.65315e-06  1.85959e-06  1.25163e-06  8.05674e-07  4.90218e-07  2.71644e-07  1.17818e-07  6.10166e-26
  9.9616e-06  9.80984e-06  9.50733e-06  9.05689e-06  8.46481e-06  7.74304e-06  6.91148e-06  5.99983e-06  5.04766e-06  4.10174e-06  3.21012e-06    2.414e-06  1.74071e-06  1.20086e-06  7.90119e-07  4.93317e-07  2.89153e-07  1.54023e-07  6.47069e-08 -3.75137e-29
 6.64495e-06  6.53677e-06  6.32175e-06  6.00309e-06  5.58691e-06  5.08354e-06  4.50877e-06  3.88458e-06  3.23874e-06  2.60267e-06  2.00765e-06  1.48008e-06  1.03757e-06  6.87186e-07  4.26265e-07  2.44733e-07  1.27941e-07  5.92102e-08  2.17577e-08  7.91954e-27
 4.20068e-06  4.12604e-06  3.97809e-06  3.75979e-06   3.4764e-06  3.13619e-06   2.7511e-06  2.33691e-06  1.91275e-06  1.49953e-06  1.11751e-06  7.83569e-07  5.08846e-07  2.97769e-07  1.48388e-07  5.37214e-08  3.48918e-09  -1.4215e-08 -1.15631e-08 -1.71723e-26
 2.43021e-06  2.38082e-06  2.28318e-06  2.13975e-06  1.95471e-06  1.73432e-06  1.48723e-06  1.22448e-06  9.58972e-07  7.04427e-07  4.73843e-07  2.77824e-07  1.23238e-07  1.25992e-08 -5.57612e-08   -8.691e-08  -8.8234e-08 -6.83432e-08 -3.61234e-08 -3.27224e-27
 1.17714e-06  1.14632e-06  1.08556e-06  9.96783e-07  8.83081e-07  7.48978e-07   6.0052e-07  4.45184e-07  2.91476e-07  1.48215e-07  2.35577e-08 -7.60061e-08 -1.46452e-07   -1.866e-07 -1.98014e-07 -1.84541e-07 -1.51623e-07 -1.05582e-07 -5.29635e-08  4.70786e-27
 3.19074e-07  3.01547e-07  2.67145e-07  2.17236e-07  1.54011e-07  8.05782e-08  9.94833e-10 -7.98477e-08 -1.56516e-07 -2.23518e-07 -2.75906e-07 -3.09896e-07 -3.23337e-07 -3.15942e-07 -2.89228e-07 -2.46226e-07 -1.91046e-07 -1.28406e-07 -6.31764e-08 -2.47127e-27
-2.39196e-07 -2.47519e-07 -2.63721e-07 -2.86881e-07 -3.15543e-07 -3.47681e-07 -3.80704e-07  -4.1155e-07 -4.36904e-07 -4.53498e-07 -4.58502e-07 -4.49889e-07 -4.26719e-07 -3.89274e-07 -3.39015e-07   -2.784e-07   -2.106e-07 -1.39188e-07 -6.78266e-08 -1.22666e-27
-5.71353e-07   -5.736e-07 -5.77815e-07 -5.83423e-07 -5.89527e-07 -5.94891e-07 -5.97965e-07 -5.96954e-07 -5.89961e-07 -5.75189e-07 -5.51172e-07 -5.17002e-07 -4.72491e-07 -4.18251e-07 -3.55658e-07 -2.86736e-07 -2.13971e-07 -1.40099e-07 -6.78989e-08 -1.55889e-27
-7.34126e-07 -7.32656e-07  -7.2956e-07 -7.24515e-07 -7.17022e-07 -7.06399e-07 -6.91805e-07 -6.72287e-07 -6.46876e-07  -6.1471e-07 -5.75179e-07 -5.28052e-07 -4.73578e-07 -4.12522e-07 -3.46141e-07 -2.76106e-07 -2.04376e-07 -1.33059e-07 -6.42708e-08  4.78185e-28
-7.70996e-07 -7.67567e-07 -7.60636e-07 -7.50052e-07 -7.35583e-07 -7.16911e-07 -6.93652e-07 -6.65389e-07 -6.31726e-07 -5.92369e-07 -5.47208e-07  -4.9639e-07 -4.40377e-07 -3.79962e-07 -3.16249e-07   -2.506e-07  -1.8455e-07 -1.19716e-07 -5.77006e-08 -2.16341e-28
-7.15171e-07 -7.11074e-07 -7.02858e-07 -6.90479e-07 -6.73867e-07 -6.52925e-07  -6.2754e-07 -5.97605e-07 -5.63053e-07 -5.23898e-07 -4.80287e-07 -4.32538e-07 -3.81173e-07 -3.26921e-07 -2.70703e-07 -2.13595e-07 -1.56774e-07 -1.01456e-07 -4.88294e-08 -3.90651e-28
 -5.9201e-07 -5.88177e-07 -5.80516e-07 -5.69039e-07 -5.53758e-07 -5.34691e-07 -5.11862e-07 -4.85317e-07  -4.5514e-07 -4.21479e-07 -3.84572e-07 -3.44767e-07 -3.02538e-07 -2.58484e-07  -2.1332e-07 -1.67849e-07 -1.22927e-07 -7.94255e-08 -3.81901e-08 -2.90166e-28
-4.21138e-07 -4.18223e-07 -4.12408e-07 -4.03721e-07 -3.92203e-07 -3.77907e-07 -3.60902e-07 -3.41276e-07  -3.1915e-07 -2.94683e-07 -2.68094e-07 -2.39665e-07  -2.0975e-07 -1.78773e-07 -1.47223e-07 -1.15634e-07  -8.4567e-08 -5.45846e-08 -2.62297e-08 -7.80354e-29
 -2.1868e-07 -2.17112e-07 -2.13988e-07 -2.09327e-07 -2.03161e-07 -1.95529e-07 -1.86481e-07  -1.7608e-07 -1.64403e-07 -1.51552e-07 -1.37651e-07 -1.22857e-07  -1.0736e-07 -9.13789e-08 -7.51611e-08 -5.89738e-08 -4.30943e-08 -2.77993e-08 -1.33537e-08            0
 1.46531e-27 -1.47782e-27 -5.37416e-27  7.24315e-27 -1.67089e-26  6.82636e-27  5.62924e-27  3.13695e-27 -1.97667e-27   -2.779e-26  4.20199e-27  3.85562e-27 -3.38167e-27  3.65122e-27 -4.75484e-27  5.44348e-27 -6.89743e-28  1.04906e-27  6.20502e-30            0