 2.00365e-12  2.00371e-12  2.00383e-12  2.00401e-12  2.00418e-12  2.00386e-12  1.99995e-12  1.97629e-12  1.86677e-12  1.47426e-12  4.15522e-13  9.07893e-14  1.57586e-14  2.24464e-15  2.69833e-16  2.79967e-17   2.5522e-18  2.07349e-19  1.51203e-20            0
 9.10986e-13  9.11017e-13  9.11079e-13  9.11169e-13  9.11249e-13  9.11018e-13  9.08616e-13  8.94658e-13  8.32972e-13  6.31804e-13  2.17278e-13  5.12533e-14   9.2281e-15   1.3414e-15  1.63283e-16  1.70833e-17  1.56651e-18  1.27822e-19  9.35195e-21            0
 3.20428e-13  3.20438e-13   3.2046e-13  3.20491e-13  3.20513e-13  3.20402e-13  3.19393e-13  3.13744e-13  2.89702e-13  2.15977e-13  8.07801e-14   2.0033e-14  3.71609e-15    5.505e-16  6.78721e-17  7.16584e-18  6.61536e-19  5.42592e-20  3.98595e-21            0
 9.00988e-14  9.01016e-14   9.0107e-14  9.01146e-14  9.01186e-14  9.00795e-14  8.97616e-14  8.80345e-14  8.08839e-14  5.97916e-14  2.33294e-14  5.97061e-15  1.13146e-15  1.70118e-16  2.11991e-17  2.25606e-18  2.09557e-19  1.72723e-20  1.27396e-21            0
 2.08921e-14  2.08927e-14  2.08938e-14  2.08952e-14  2.08955e-14  2.08848e-14   2.0805e-14  2.03823e-14  1.86669e-14  1.37348e-14  5.48995e-15  1.43435e-15  2.76013e-16   4.1972e-17   5.2753e-18  5.65143e-19   5.2769e-20  4.37119e-21  3.23842e-22            0
  4.0997e-15  4.09979e-15  4.09995e-15  4.10016e-15   4.1001e-15  4.09772e-15  4.08115e-15  3.99505e-15   3.6509e-15  2.67866e-15    1.087e-15  2.88069e-16  5.60611e-17  8.59974e-18   1.0883e-18  1.17229e-19  1.09954e-20  9.14557e-22  6.80223e-23            0
  6.9515e-16  6.95161e-16  6.95181e-16  6.95204e-16  6.95174e-16  6.94729e-16  6.91796e-16    6.768e-16  6.17544e-16  4.52256e-16  1.85397e-16  4.96387e-17  9.74277e-18  1.50482e-18  1.91493e-19  2.07214e-20  1.94996e-21  1.62668e-22  1.19794e-23            0
 1.03574e-16  1.03575e-16  1.03577e-16  1.03578e-16  1.03571e-16    1.035e-16  1.03048e-16  1.00768e-16  9.18408e-17  6.71736e-17  2.77359e-17  7.48315e-18  1.47849e-18  2.29617e-19  2.93533e-20  3.19576e-21   3.0101e-22   2.5306e-23  1.48515e-24            0
 1.37464e-17  1.37465e-17  1.37466e-17  1.37466e-17  1.37454e-17  1.37353e-17  1.36737e-17  1.33664e-17  1.21716e-17  8.89429e-18  3.69206e-18  1.00201e-18  1.99016e-19  3.10472e-20  3.98965e-21  4.34053e-22  4.01268e-23  8.09261e-24   1.9257e-25            0
  1.6435e-18  1.64351e-18   1.6435e-18  1.64349e-18  1.64331e-18  1.64206e-18  1.63453e-18  1.59733e-18  1.45354e-18  1.06143e-18  4.42406e-19   1.2063e-19  2.40588e-20  3.76911e-21  4.80996e-22  4.94051e-23  3.98407e-24  3.97277e-25  -3.7985e-25            0
 1.78659e-19  1.78663e-19  1.78668e-19  1.78692e-19  1.78647e-19  1.78508e-19  1.77671e-19  1.73579e-19  1.57882e-19  1.15239e-19  4.81746e-20  1.31846e-20  2.63208e-21  4.07865e-22  5.04532e-23 -1.31853e-23 -1.53026e-24 -6.61592e-25 -3.10185e-25            0
 1.77875e-20  1.77932e-20  1.77927e-20  1.78066e-20  1.77996e-20  1.77844e-20   1.7702e-20  1.72903e-20  1.57228e-20  1.14572e-20  4.79024e-21  1.33064e-21  2.63948e-22  3.99434e-23  5.18794e-24  1.53119e-24 -5.23678e-25 -4.93175e-25 -1.70221e-25            0
 1.62458e-21  1.65629e-21  1.63209e-21  1.63655e-21  1.63407e-21  1.62041e-21  1.62615e-21  1.59109e-21   1.4484e-21   1.0524e-21  4.36667e-22  1.22318e-22  2.20853e-23   2.7581e-24 -2.78309e-24  1.86754e-25 -2.34524e-25 -1.95677e-25 -6.16172e-26            0
 1.19085e-22  1.32483e-22  1.35892e-22  1.41187e-22  1.41507e-22  1.54334e-22  1.38051e-22  1.40931e-22  1.28663e-22  9.18074e-23   3.5763e-23  9.30382e-24  3.24461e-24   1.5651e-24 -2.73473e-24  -1.3669e-24 -3.56927e-25 -3.78162e-25 -2.81447e-26            0
-8.19813e-25  3.40399e-24  9.63413e-24  1.53842e-23  1.45849e-23  1.94064e-23  1.15762e-23  1.22872e-23  1.74267e-23   9.6551e-24  2.43003e-24 -1.42932e-24  5.16144e-24   1.8592e-25 -1.00688e-24 -3.65966e-24 -4.18371e-25 -5.38755e-25 -6.54467e-26            0
-4.09321e-24   1.9675e-25  1.27425e-24  6.73105e-24  1.52003e-24  2.94708e-24  1.06337e-23  3.39706e-25  -1.5298e-24 -6.00625e-25 -3.11059e-26 -1.15482e-24 -6.88796e-25 -3.24484e-25  3.19355e-24  5.48693e-25  2.16336e-24  1.31289e-24 -4.14266e-26            0
-6.24548e-24 -5.58862e-24 -1.06062e-25  2.64281e-24  1.88339e-24 -2.46752e-24  -8.4939e-24 -4.84458e-24  2.17191e-24 -5.53279e-24 -2.79202e-25  2.37102e-25  8.98014e-26  7.31016e-25  1.26062e-24  1.64322e-24  3.16844e-25 -2.08863e-25 -7.20748e-26            0
-1.44066e-23 -4.41943e-24 -1.04709e-24  5.26013e-26 -6.83386e-25 -6.67251e-24 -5.58793e-24 -7.36539e-24  1.79251e-24  8.29795e-25    1.011e-24  1.06851e-24  2.45539e-24  2.55042e-24  1.78966e-25   1.7593e-25 -1.31467e-25 -2.76703e-25 -5.48628e-26            0
-4.34807e-24 -2.65034e-24 -4.17501e-24 -1.27271e-24  1.65806e-24 -2.36775e-24 -7.61631e-24 -2.79237e-24 -6.68317e-27  1.22788e-24  1.28493e-24 -2.50362e-25  4.59499e-24  1.39485e-24  6.26268e-25  5.14404e-25  1.84509e-24  6.56583e-26 -1.96227e-26            0
-1.61726e-24 -1.12667e-24  2.03467e-24 -3.05669e-24  3.58953e-24 -1.54733e-24 -4.89616e-24  1.77794e-25 -5.51278e-24  1.80942e-24 -3.08703e-25 -2.03875e-24  1.53213e-24  5.52848e-25  5.20805e-25 -1.43619e-24  6.70124e-25  3.00441e-25  2.51396e-27            0
-5.56707e-25 -5.98018e-25 -1.19821e-24 -5.98588e-25 -5.91389e-25  -1.4996e-24  -9.1924e-25  6.33129e-24  8.70031e-25  1.37656e-24  1.26037e-24 -3.15235e-24  6.42962e-25   1.4908e-24  3.94611e-24  2.73688e-25  1.06804e-25 -3.72999e-26 -1.30156e-26            0
 2.94924e-26 -7.84361e-26 -1.20333e-24 -3.47352e-24 -9.09391e-25 -1.46526e-24 -2.92873e-24  3.76477e-25 -1.76602e-24  9.68372e-25  2.25546e-24 -6.68417e-25  7.28536e-25  1.29547e-24  1.40203e-24  9.87269e-26  8.36609e-26  4.81748e-26  1.45078e-26            0
 3.39483e-25  2.97847e-25 -4.64915e-25  -4.0925e-24 -8.02777e-26 -4.40694e-25 -1.16111e-24  2.86959e-26  9.37432e-25  3.90008e-25  6.02233e-25 -1.07536e-24  3.29857e-25  4.86512e-25  1.10193e-24  2.33936e-25  1.62269e-25  5.53592e-26  1.52883e-26            0
 2.36564e-25  3.53924e-25  2.70896e-25 -4.98649e-25  2.43681e-25 -1.09167e-25 -3.27688e-25  1.67214e-27   3.5627e-25  2.72242e-25  2.19083e-25 -5.12684e-26  1.91089e-25  1.34487e-25  1.01761e-25  9.39311e-26  6.50311e-26  2.39651e-26  6.68333e-27            0
           0            0            0            0            0            0            0            0            0            0            0            0            0            0            0            0            0            0            0            0