 0.00087256 0.000872512  0.00087233 0.000871705 0.000869675  0.00086356 0.000846833 0.000805912 0.000717203 0.000545567 0.000235193  9.3656e-05  3.3343e-05 1.05249e-05 2.95193e-06 7.40215e-07 1.67178e-07 3.42322e-08  6.2219e-09           0
 0.00057706 0.000577019 0.000576866 0.000576341 0.000574645 0.000569579 0.000555891 0.000523123 0.000455054 0.000335667 0.000171428 7.30245e-05 2.68247e-05 8.60818e-06 2.43769e-06 6.14994e-07 1.39468e-07 2.86409e-08 5.21636e-09           0
0.000341122 0.000341093 0.000340985 0.000340615 0.000339429 0.000335923 0.000326604 0.000304856 0.000261568 0.000191117  0.00010538 4.73133e-05 1.79519e-05  5.8787e-06 1.68685e-06 4.29403e-07  9.8001e-08 2.02195e-08  3.6951e-09           0
0.000179999 0.000179981 0.000179916 0.000179693 0.000178986 0.000176921 0.000171513  0.00015918 0.000135454 9.87302e-05 5.66256e-05 2.63557e-05 1.02671e-05 3.42502e-06  9.9575e-07 2.55893e-07 5.88137e-08 1.21994e-08 2.23834e-09           0
8.49696e-05 8.49604e-05  8.4926e-05 8.48104e-05 8.44457e-05 8.33903e-05 8.06655e-05 7.45655e-05  6.3129e-05 4.60071e-05 2.69839e-05   1.287e-05 5.11565e-06 1.73307e-06 5.09748e-07  1.3216e-07 3.05829e-08 6.37752e-09 1.17492e-09           0
3.60404e-05 3.60362e-05 3.60204e-05 3.59676e-05 3.58023e-05 3.53281e-05 3.41177e-05 3.14482e-05  2.6538e-05 1.93507e-05 1.15068e-05 5.58179e-06  2.2527e-06 7.72705e-07 2.29527e-07 5.99737e-08 1.39647e-08 2.92662e-09 5.41266e-10           0
1.38106e-05 1.38088e-05 1.38024e-05  1.3781e-05 1.37144e-05 1.35247e-05  1.3045e-05 1.19996e-05  1.0104e-05 7.37243e-06 4.42377e-06 2.17189e-06 8.86716e-07 3.07188e-07 9.19993e-08 2.42002e-08 5.66587e-09 1.19277e-09 2.21387e-10           0
4.80896e-06 4.80833e-06 4.80598e-06 4.79819e-06 4.77406e-06 4.70581e-06 4.53456e-06 4.16478e-06 3.50157e-06 2.55657e-06 1.54366e-06 7.64575e-07 3.14938e-07 1.09976e-07  3.3161e-08 8.77279e-09 2.06374e-09 4.36193e-10 8.12221e-11           0
1.53044e-06 1.53023e-06 1.52945e-06 1.52688e-06 1.51896e-06 1.49668e-06 1.44113e-06 1.32208e-06 1.11034e-06 8.11132e-07 4.91971e-07 2.45291e-07 1.01743e-07 3.57574e-08 1.08428e-08 2.88241e-09 6.80877e-10 1.44418e-10 2.69691e-11           0
4.47605e-07 4.47542e-07 4.47307e-07 4.46535e-07  4.4416e-07  4.3751e-07  4.2102e-07 3.85892e-07  3.2383e-07 2.36677e-07 1.44033e-07 7.21798e-08 3.01044e-08 1.06358e-08 3.24035e-09 8.64961e-10 2.05053e-10 4.36277e-11 8.16809e-12           0
1.20927e-07 1.20909e-07 1.20844e-07  1.2063e-07 1.19976e-07  1.1815e-07 1.13641e-07 1.04086e-07 8.72928e-08 6.38245e-08 3.89417e-08 1.95933e-08 8.20829e-09 2.91253e-09 8.90866e-10 2.38644e-10 5.67507e-11 1.21074e-11 2.27196e-12           0
3.03217e-08 3.03171e-08 3.03005e-08 3.02458e-08 3.00789e-08 2.96149e-08 2.84736e-08 2.60645e-08 2.18489e-08 1.59803e-08 9.76996e-09 4.93149e-09 2.07351e-09 7.38397e-10 2.26616e-10 6.08907e-11 1.45194e-11  3.1051e-12 5.83856e-13           0
7.08719e-09  7.0861e-09 7.08213e-09 7.06915e-09 7.02959e-09 6.91993e-09 6.65106e-09 6.08547e-09 5.09931e-09 3.73067e-09 2.28457e-09 1.15618e-09   4.876e-10 1.74169e-10 5.36067e-11 1.44419e-11 3.45189e-12  7.3979e-13 1.39356e-13           0
1.55025e-09 1.55001e-09 1.54913e-09 1.54625e-09 1.53749e-09 1.51328e-09 1.45408e-09 1.32992e-09 1.11406e-09 8.15243e-10 4.99902e-10  2.5354e-10 1.07198e-10 3.83898e-11 1.18452e-11  3.1985e-12 7.66108e-13 1.64499e-13 3.10376e-14           0
3.18497e-10 3.18447e-10 3.18263e-10 3.17664e-10 3.15847e-10 3.10833e-10 2.98603e-10 2.73016e-10 2.28646e-10 1.67352e-10 1.02733e-10 5.21988e-11 2.21175e-11  7.9384e-12 2.45468e-12 6.64164e-13 1.59378e-13 3.42797e-14 6.47733e-15           0
6.16613e-11 6.16514e-11 6.16154e-11 6.14983e-11 6.11434e-11 6.01661e-11 5.77871e-11 5.28208e-11 4.42271e-11 3.23768e-11 1.98938e-11 1.01237e-11 4.29749e-12 1.54544e-12 4.78777e-13 1.29774e-13 3.11931e-14 6.71938e-15 1.27134e-15           0
1.12831e-11 1.12812e-11 1.12746e-11 1.12529e-11 1.11875e-11 1.10076e-11 1.05705e-11  9.6598e-12 8.08675e-12 5.92088e-12 3.64097e-12 1.85528e-12 7.88828e-13 2.84153e-13 8.81773e-14 2.39387e-14 5.76256e-15 1.24303e-15 2.35469e-16           0
1.95678e-12 1.95646e-12 1.95529e-12 1.95151e-12 1.94009e-12 1.90873e-12 1.83265e-12 1.67441e-12 1.40153e-12  1.0263e-12 6.31543e-13 3.22176e-13 1.37174e-13 4.94865e-14 1.53792e-14 4.18112e-15 1.00783e-15 2.17666e-16  4.1278e-17           0
3.22439e-13 3.22386e-13 3.22192e-13 3.21564e-13 3.19671e-13  3.1448e-13 3.01906e-13 2.75788e-13 2.30812e-13 1.69037e-13 1.04081e-13  5.3149e-14 2.26573e-14 8.18455e-15 2.54692e-15 6.93309e-16 1.67319e-16 3.61776e-17 6.86752e-18           0
5.05998e-14 5.05913e-14 5.05607e-14 5.04616e-14 5.01629e-14  4.9345e-14 4.73663e-14 4.32618e-14 3.62024e-14  2.6516e-14 1.63351e-14 8.34894e-15 3.56302e-15 1.28859e-15 4.01467e-16 1.09411e-16 2.64337e-17 5.72136e-18 1.08706e-18           0
7.57822e-15 7.57695e-15 7.57233e-15  7.5574e-15 7.51245e-15 7.38951e-15 7.09244e-15 6.47695e-15  5.4195e-15 3.96982e-15 2.44674e-15 1.25151e-15  5.3462e-16 1.93553e-16 6.03669e-17 1.64689e-17 3.98286e-18 8.62873e-19 1.64085e-19           0
1.08531e-15 1.08513e-15 1.08446e-15 1.08231e-15 1.07585e-15 1.05818e-15 1.01554e-15 9.27298e-16 7.75835e-16 5.68353e-16 3.50439e-16 1.79376e-16 7.66927e-17 2.77922e-17 8.67647e-18 2.36932e-18 5.73523e-19  1.2436e-19 2.36668e-20           0
1.48866e-16 1.48841e-16 1.48749e-16 1.48453e-16 1.47562e-16 1.45132e-16 1.39273e-16 1.27156e-16 1.06378e-16 7.79355e-17 4.80718e-17 2.46215e-17 1.05353e-17 3.82112e-18 1.19397e-18 3.26326e-19 7.90581e-20 1.71563e-20 3.26735e-21           0
1.93012e-17 1.92979e-17 1.92859e-17 1.92474e-17 1.91315e-17 1.88157e-17 1.80546e-17 1.64822e-17  1.3788e-17 1.01022e-17 6.23318e-18 3.19429e-18 1.36775e-18 4.96461e-19  1.5525e-19 4.24647e-20 1.02956e-20 2.23585e-21 4.26086e-22           0
          0           0           0           0           0           0           0           0           0           0           0           0           0           0           0           0           0           0           0           0